tree
version=v4
num_class=1
num_tree_per_iteration=1
label_index=0
max_feature_idx=29
objective=regression
feature_names=ema20_gap ema50_gap rsi atr_pct return_10 volume_ratio funding_rate funding_z funding_carry_24h mark_basis taker_imbalance taker_imbalance_z trade_count_z avg_trade_size_z quote_volume_ratio oi_change_5m oi_change_1h oi_z oi_price_quadrant long_short_ratio_z smart_retail_gap global_long_short_ratio taker_buy_sell_ratio_z flow_delta_ratio flow_delta_z flow_trade_intensity_z flow_largest_trade_z liquidation_pressure liquidation_share liquidation_z
feature_infos=[-0.2009984379456814:0.5] [-0.2263240366291186:0.5] [0:100] [0.00010655786621006779:0.20000000000000001] [-0.5:0.5] [0.01891271652434337:50] [-0.00302761:0.00045252999999999998] [-5:4.7095213230094704] [-0.0066534300000000001:0.00065253000000000002] [-0.0092288942791222128:0.011938455205063425] [-0.99537210279124821:0.98444897227814443] [-4.2514282624521842:4.0705869310664031] [-2.5671822968890861:6.7736819240577688] [-4.117094052458846:6.4804022562753474] [0.017287482992453307:134.94858363304388] [-0.049767821427036507:0.094444832002344992] [-0.26142640274450402:0.1468638039889083] [-6.462816674302128:6.6058822582757895] [-1:1] [-6.7721551075630799:6.748675269239178] [-1.1781554499999998:1.8381203899999998] [0:5.7199348299999997] [-3.5272386275956404:6.7178637762213631] none none none none none none none
tree_sizes=1771 1774 1770 1776 1770 1773

Tree=0
num_leaves=15
num_cat=0
split_feature=1 3 8 13 11 2 12 14 5 2 14 10 12 4
split_gain=0.219613 0.472546 0.315711 0.280433 0.177506 0.246245 0.104399 0.0763474 0.111084 0.0705816 0.0912829 0.0555986 0.0508145 0.0285779
threshold=0.036853252921032038 0.016966647208536797 9.9215000000000005e-05 3.8678131796490889 -0.80697007797414566 32.293129428048523 0.59479663843585806 0.86815575899121689 2.3883906358002123 10.000851208717068 2.5169470406509951 -0.12308272934373708 3.4568834832391269 0.036555414120393655
decision_type=2 2 2 2 2 2 2 2 2 2 2 2 2 2
left_child=-1 -2 3 6 -4 -6 13 8 11 10 -9 -8 -11 -3
right_child=1 2 4 -5 5 -7 7 9 -10 12 -12 -13 -14 -15
leaf_value=-6.5114553709474363e-05 -1.7914807190049961e-05 7.2725847439688727e-05 -0.00089004563695140114 0.0043301097111577216 0.0046795722131837475 0.0012634026112908728 0.0022332848396751058 0.0028952285665389244 0.0031514382498209195 0.00049612442146371681 0.00059259915691837225 0.00072470638832221952 -0.00045325816858276136 0.0012116318159985573
leaf_weight=878363.89843523502 4012.0752094984055 420.72604352235794 12.626887798309324 17.221487760543823 37.533803224563599 38.438131272792816 26.005169212818146 22.677068114280701 23.701666593551636 207.94090354442596 48.922039687633514 142.3067706823349 67.116801142692566 20.809565544128418
leaf_count=879897 2708 405 5 5 14 56 21 11 10 149 17 99 32 33
internal_value=-6.3975e-05 0.000132356 0.000687497 0.00053505 0.00240372 0.00295116 0.000468374 0.00074868 0.00122857 0.000482869 0.00132189 0.00095779 0.000264466 0.000126402
internal_weight=883462 5098.1 1086.03 997.428 88.5988 75.9719 980.206 538.67 192.014 346.657 71.5991 168.312 275.058 441.536
internal_count=883462 3565 857 782 75 70 777 339 130 209 28 120 181 438
is_linear=0
shrinkage=1


Tree=1
num_leaves=15
num_cat=0
split_feature=1 3 8 13 11 2 12 14 5 2 14 10 12 4
split_gain=0.206634 0.444619 0.297053 0.26386 0.167015 0.231692 0.0982292 0.0718353 0.104519 0.0664102 0.0858881 0.0523127 0.0478113 0.0268889
threshold=0.036853252921032038 0.016966647208536797 9.9215000000000005e-05 3.8678131796490889 -0.80697007797414566 32.293129428048523 0.59479663843585806 0.86815575899121689 2.3883906358002123 10.000851208717068 2.5169470406509951 -0.12308272934373708 3.4568834832391269 0.036555414120393655
decision_type=2 2 2 2 2 2 2 2 2 2 2 2 2 2
left_child=-1 -2 3 6 -4 -6 13 8 11 10 -9 -8 -11 -3
right_child=1 2 4 -5 5 -7 7 9 -10 12 -12 -13 -14 -15
leaf_value=-1.1053421518599105e-06 4.4678421154233688e-05 0.00013259987725449789 -0.0008012884106141341 0.0042622620251327121 0.0046012408628096895 0.0012875563232962821 0.002228342114246704 0.0028704274057306102 0.0031189510026871006 0.0005432964833748978 0.00063687696760869909 0.00076502099268222141 -0.00037760462737786198 0.0012373386753523027
leaf_weight=878363.89843523502 4012.0752094984055 420.72604352235794 12.626887798309324 17.221487760543823 37.533803224563599 38.438131272792816 26.005169212818146 22.677068114280701 23.701666593551636 207.94090354442596 48.922039687633514 142.3067706823349 67.116801142692566 20.809565544128418
leaf_count=879897 2708 405 5 5 14 56 21 11 10 149 17 99 32 33
internal_value=-4.69585e-12 0.000190441 0.000728928 0.000581055 0.00239366 0.00292468 0.000516378 0.000788275 0.00125377 0.000530439 0.00134429 0.000991113 0.000318588 0.000184666
internal_weight=883462 5098.1 1086.03 997.428 88.5988 75.9719 980.206 538.67 192.014 346.657 71.5991 168.312 275.058 441.536
internal_count=883462 3565 857 782 75 70 777 339 130 209 28 120 181 438
is_linear=0
shrinkage=0.03


Tree=2
num_leaves=15
num_cat=0
split_feature=1 3 20 13 14 6 12 2 14 5 2 13 10 12
split_gain=0.194422 0.418342 0.280352 0.25106 0.0953177 0.0979781 0.0757005 0.0747893 0.0605038 0.100326 0.0627377 0.0840322 0.0559782 0.0518632
threshold=0.036853252921032038 0.016966647208536797 0.57719912000000007 3.8678131796490889 0.72406114677003874 1.1430000000000002e-05 0.67642587675337529 10.000851208717068 0.86815575899121689 2.3883906358002123 10.000851208717068 2.6837685920530254 -0.11528913518400589 3.4568834832391269
decision_type=2 2 2 2 2 2 2 2 2 2 2 2 2 2
left_child=-1 -2 3 6 5 -4 -3 -6 9 12 11 -10 -8 -12
right_child=1 2 4 -5 7 -7 8 -9 10 -11 13 -13 -14 -15
leaf_value=-1.0721782514019469e-06 4.333805955472956e-05 0.00021028183968120257 0.0015333040581911757 0.0041343943445270315 0.0028976168188915071 0.0040571295310748139 0.0022693285995477098 0.00049103994534198002 0.0003306904970702603 0.0030253823508593581 0.00054287083423214559 0.0024906388137943473 0.00063172498514323507 -0.00044184083203130652
leaf_weight=878363.89843523502 4012.0752094984055 473.92445385456085 23.9168541431427 17.221487760543823 16.838788270950317 32.869486749172211 22.598088562488556 37.514061033725739 34.565548956394196 23.701666593551636 197.29814863204956 30.527663230895996 111.37758672237396 63.672503590583801
leaf_count=879897 2708 482 10 5 5 17 20 25 17 10 146 9 80 31
internal_value=-9.92003e-13 0.000184728 0.00070706 0.000544315 0.00213463 0.00299416 0.000479755 0.00123661 0.00074376 0.00122623 0.000510447 0.00134367 0.000907945 0.000302618
internal_weight=883462 5098.1 1086.03 974.887 111.139 56.7863 957.666 54.3528 483.741 157.677 326.064 65.0932 133.976 260.971
internal_count=883462 3565 857 800 57 27 795 30 313 110 203 26 100 177
is_linear=0
shrinkage=0.03


Tree=3
num_leaves=15
num_cat=0
split_feature=1 3 8 13 11 2 12 14 5 2 14 10 12 4
split_gain=0.182931 0.393618 0.265249 0.233674 0.152249 0.207108 0.0872207 0.0639729 0.0924175 0.0581068 0.0802952 0.0471277 0.0422478 0.0253067
threshold=0.036853252921032038 0.016966647208536797 9.9215000000000005e-05 3.8678131796490889 -0.80697007797414566 32.293129428048523 0.59479663843585806 0.86815575899121689 2.3883906358002123 10.000851208717068 2.5169470406509951 -0.12308272934373708 3.4568834832391269 0.036555414120393655
decision_type=2 2 2 2 2 2 2 2 2 2 2 2 2 2
left_child=-1 -2 3 6 -4 -6 13 8 11 10 -9 -8 -11 -3
right_child=1 2 4 -5 5 -7 7 9 -10 12 -12 -13 -14 -15
leaf_value=-1.0400094867141846e-06 4.2037915054637231e-05 0.00012216665376848298 -0.00079150122364910326 0.0040103623171702405 0.0043510661418682088 0.0012181101079178343 0.0021080732517485649 0.0027350263335554213 0.002934620926592889 0.00051120711010681653 0.00057542267403880743 0.00071916331070025327 -0.00035445745369239021 0.0011939100401759794
leaf_weight=878363.89843523502 4012.0752094984055 420.72604352235794 12.626887798309324 17.221487760543823 37.533803224563599 38.438131272792816 26.005169212818146 22.677068114280701 23.701666593551636 207.94090354442596 48.922039687633514 142.3067706823349 67.116801142692566 20.809565544128418
leaf_count=879897 2708 405 5 5 14 56 21 11 10 149 17 99 32 33
internal_value=2.4233e-12 0.000179186 0.000685849 0.000546115 0.00225894 0.00276594 0.000485251 0.000741459 0.00118074 0.000498141 0.00125942 0.000933758 0.000299976 0.000172678
internal_weight=883462 5098.1 1086.03 997.428 88.5988 75.9719 980.206 538.67 192.014 346.657 71.5991 168.312 275.058 441.536
internal_count=883462 3565 857 782 75 70 777 339 130 209 28 120 181 438
is_linear=0
shrinkage=0.03


Tree=4
num_leaves=15
num_cat=0
split_feature=1 3 20 13 14 6 12 2 14 5 2 13 10 12
split_gain=0.17212 0.370355 0.251075 0.222378 0.0849888 0.085542 0.0670117 0.0656017 0.0535031 0.0889408 0.0555491 0.0781209 0.0504073 0.0461006
threshold=0.036853252921032038 0.016966647208536797 0.57719912000000007 3.8678131796490889 0.72406114677003874 1.1430000000000002e-05 0.67642587675337529 10.000851208717068 0.86815575899121689 2.3883906358002123 10.000851208717068 2.6837685920530254 -0.11528913518400589 3.4568834832391269
decision_type=2 2 2 2 2 2 2 2 2 2 2 2 2 2
left_child=-1 -2 3 6 5 -4 -3 -6 9 12 11 -10 -8 -12
right_child=1 2 4 -5 7 -7 8 -9 10 -11 13 -13 -14 -15
leaf_value=-1.0088113719316899e-06 4.0776795775859783e-05 0.00019696220235955261 0.0014628729416982821 0.0038900516501272869 0.0027239194471909939 0.0038210928708129446 0.0021447775230118513 0.00047000434182740904 0.00028682555424787431 0.0028465823165899221 0.00051044384199589506 0.00236941805315509 0.00059079442902843903 -0.00041795189594016555
leaf_weight=878363.89843523502 4012.0752094984055 473.92445385456085 23.9168541431427 17.221487760543823 16.838788270950317 32.869486749172211 22.598088562488556 37.514061033725739 34.565548956394196 23.701666593551636 197.29814863204956 30.527663230895996 111.37758672237396 63.672503590583801
leaf_count=879897 2708 482 10 5 5 17 20 25 17 10 146 9 80 31
internal_value=2.86873e-13 0.000173811 0.000665273 0.000511259 0.00201625 0.00282788 0.000450499 0.00116828 0.000698891 0.00115259 0.000479491 0.00126353 0.00085291 0.000283931
internal_weight=883462 5098.1 1086.03 974.887 111.139 56.7863 957.666 54.3528 483.741 157.677 326.064 65.0932 133.976 260.971
internal_count=883462 3565 857 800 57 27 795 30 313 110 203 26 100 177
is_linear=0
shrinkage=0.03


Tree=5
num_leaves=15
num_cat=0
split_feature=1 3 8 13 11 2 12 14 5 2 14 10 12 4
split_gain=0.161948 0.348467 0.236876 0.206942 0.138865 0.185182 0.0774444 0.0569707 0.0817177 0.050821 0.075057 0.0424574 0.0373247 0.0238175
threshold=0.036853252921032038 0.016966647208536797 9.9215000000000005e-05 3.8678131796490889 -0.80697007797414566 32.293129428048523 0.59479663843585806 0.86815575899121689 2.3883906358002123 10.000851208717068 2.5169470406509951 -0.12308272934373708 3.4568834832391269 0.036555414120393655
decision_type=2 2 2 2 2 2 2 2 2 2 2 2 2 2
left_child=-1 -2 3 6 -4 -6 13 8 11 10 -9 -8 -11 -3
right_child=1 2 4 -5 5 -7 7 9 -10 12 -12 -13 -14 -15
leaf_value=-9.7855185640179357e-07 3.9553486446147773e-05 0.0001124518358128376 -0.00078138958106301125 0.003773349971352786 0.0041149628374032984 0.001152490075848859 0.0019943215103081779 0.0026064132166555174 0.0027611848216071658 0.00048101350871298382 0.00051844047748356202 0.00067602596242056915 -0.00033265221689381645 0.0011521838687623641
leaf_weight=878363.89843523502 4012.0752094984055 420.72604352235794 12.626887798309324 17.221487760543823 37.533803224563599 38.438131272792816 26.005169212818146 22.677068114280701 23.701666593551636 207.94090354442596 48.922039687633514 142.3067706823349 67.116801142692566 20.809565544128418
leaf_count=879897 2708 405 5 5 14 56 21 11 10 149 17 99 32 33
internal_value=-4.54878e-12 0.000168596 0.000645315 0.000513266 0.00213189 0.00261609 0.000455989 0.000697412 0.00111195 0.000467796 0.00117975 0.00087971 0.000282471 0.000161454
internal_weight=883462 5098.1 1086.03 997.428 88.5988 75.9719 980.206 538.67 192.014 346.657 71.5991 168.312 275.058 441.536
internal_count=883462 3565 857 782 75 70 777 339 130 209 28 120 181 438
is_linear=0
shrinkage=0.03


end of trees

feature_importances:
rsi=12
trade_count_z=12
quote_volume_ratio=12
avg_trade_size_z=8
ema50_gap=6
atr_pct=6
volume_ratio=6
taker_imbalance=6
return_10=4
funding_carry_24h=4
taker_imbalance_z=4
funding_rate=2
smart_retail_gap=2

parameters:
[boosting: gbdt]
[objective: regression]
[metric: l2]
[tree_learner: serial]
[device_type: cpu]
[data_sample_strategy: bagging]
[data: ]
[valid: ]
[num_iterations: 150]
[learning_rate: 0.03]
[num_leaves: 15]
[num_threads: 16]
[seed: 42]
[deterministic: 1]
[force_col_wise: 1]
[force_row_wise: 0]
[histogram_pool_size: -1]
[max_depth: -1]
[min_data_in_leaf: 10]
[min_sum_hessian_in_leaf: 0.001]
[bagging_fraction: 1]
[pos_bagging_fraction: 1]
[neg_bagging_fraction: 1]
[bagging_freq: 0]
[bagging_seed: 400]
[bagging_by_query: 0]
[feature_fraction: 1]
[feature_fraction_bynode: 1]
[feature_fraction_seed: 30056]
[extra_trees: 0]
[extra_seed: 12879]
[early_stopping_round: 0]
[early_stopping_min_delta: 0]
[first_metric_only: 0]
[max_delta_step: 0]
[lambda_l1: 0]
[lambda_l2: 0]
[linear_lambda: 0]
[min_gain_to_split: 0]
[drop_rate: 0.1]
[max_drop: 50]
[skip_drop: 0.5]
[xgboost_dart_mode: 0]
[uniform_drop: 0]
[drop_seed: 17869]
[top_rate: 0.2]
[other_rate: 0.1]
[min_data_per_group: 100]
[max_cat_threshold: 32]
[cat_l2: 10]
[cat_smooth: 10]
[max_cat_to_onehot: 4]
[top_k: 20]
[monotone_constraints: ]
[monotone_constraints_method: basic]
[monotone_penalty: 0]
[feature_contri: ]
[forcedsplits_filename: ]
[refit_decay_rate: 0.9]
[cegb_tradeoff: 1]
[cegb_penalty_split: 0]
[cegb_penalty_feature_lazy: ]
[cegb_penalty_feature_coupled: ]
[path_smooth: 0]
[interaction_constraints: ]
[verbosity: -1]
[saved_feature_importance_type: 0]
[use_quantized_grad: 0]
[num_grad_quant_bins: 4]
[quant_train_renew_leaf: 0]
[stochastic_rounding: 1]
[linear_tree: 0]
[max_bin: 255]
[max_bin_by_feature: ]
[min_data_in_bin: 3]
[bin_construct_sample_cnt: 200000]
[data_random_seed: 175]
[is_enable_sparse: 1]
[enable_bundle: 1]
[use_missing: 1]
[zero_as_missing: 0]
[feature_pre_filter: 1]
[pre_partition: 0]
[two_round: 0]
[header: 0]
[label_column: ]
[weight_column: ]
[group_column: ]
[ignore_column: ]
[categorical_feature: ]
[forcedbins_filename: ]
[precise_float_parser: 0]
[parser_config_file: ]
[objective_seed: 16083]
[num_class: 1]
[is_unbalance: 0]
[scale_pos_weight: 1]
[sigmoid: 1]
[boost_from_average: 1]
[reg_sqrt: 0]
[alpha: 0.9]
[fair_c: 1]
[poisson_max_delta_step: 0.7]
[tweedie_variance_power: 1.5]
[lambdarank_truncation_level: 30]
[lambdarank_norm: 1]
[label_gain: ]
[lambdarank_position_bias_regularization: 0]
[eval_at: ]
[multi_error_top_k: 1]
[auc_mu_weights: ]
[num_machines: 1]
[local_listen_port: 12400]
[time_out: 120]
[machine_list_filename: ]
[machines: ]
[gpu_platform_id: -1]
[gpu_device_id: -1]
[gpu_device_id_list: ]
[gpu_use_dp: 0]
[num_gpu: 1]

end of parameters

pandas_categorical:null
