tree
version=v4
num_class=1
num_tree_per_iteration=1
label_index=0
max_feature_idx=29
objective=regression
feature_names=ema20_gap ema50_gap rsi atr_pct return_10 volume_ratio funding_rate funding_z funding_carry_24h mark_basis taker_imbalance taker_imbalance_z trade_count_z avg_trade_size_z quote_volume_ratio oi_change_5m oi_change_1h oi_z oi_price_quadrant long_short_ratio_z smart_retail_gap global_long_short_ratio taker_buy_sell_ratio_z flow_delta_ratio flow_delta_z flow_trade_intensity_z flow_largest_trade_z liquidation_pressure liquidation_share liquidation_z
feature_infos=[-0.13747069779319121:0.5] [-0.19215489883621184:0.5] [0:100] [0.00012432687204722779:0.20000000000000001] [-0.5:0.5] [0.024199647455135937:50] [-0.00302761:0.00045252999999999998] [-5:4.7095213230094704] [-0.0066534300000000001:0.00065253000000000002] [-0.012025160246885491:0.007731603231046158] [-0.94808630522916237:0.95663851876363637] [-3.9683235621513875:4.0705869310664031] [-2.6610101537639337:6.7738718886968723] [-4.117094052458846:6.5114249131099182] [0:126.74351168596664] [-0.12380171980532051:0.11647102522164765] [-0.26553934103946186:0.12962849626880368] [-6.5661036346402328:6.2632348334289194] [-1:1] [-6.6533894454982718:6.6835696271667828] [-1.1760931700000001:1.81206749] [0:5.7659907600000002] [-3.5272386275956404:6.7545818398396058] none none none none none none none
tree_sizes=1792 1781 1782 1776 1775 1791

Tree=0
num_leaves=15
num_cat=0
split_feature=1 3 13 8 10 2 12 11 13 14 13 4 11 12
split_gain=0.346044 0.858671 0.459079 0.370248 0.210983 0.309819 0.0802225 0.0934217 0.0935444 0.0774974 0.0784341 0.0729067 0.0549955 0.0541528
threshold=0.037747678892820054 0.016675178114715861 3.9105700750644079 9.941500000000001e-05 -0.2300945945978293 31.677018633540509 -0.010494604122459219 -1.1453775039846148 3.0956670188100435 0.45448458796915142 0.75136151974475796 0.028201774767735669 1.0761488463058779 0.65315533590785457
decision_type=2 2 2 2 2 2 2 2 2 2 2 2 2 2
left_child=-1 -2 3 6 -5 -6 -3 -8 9 10 -9 12 13 -11
right_child=1 2 -4 4 5 -7 7 8 -10 11 -12 -13 -14 -15
leaf_value=-7.942054019399214e-05 -4.1644950030673348e-05 8.1428397036140761e-05 0.0042110635930522845 -0.0011806928580533878 0.0046152858593134886 0.0013034294997347638 -1.4923609597928078e-05 0.0010968868574635479 0.0026285053237832174 0.0001848826842964593 0.0031238038817465266 0.0021506895536095795 -0.00040331068824339688 0.00083622068603067198
leaf_weight=1097742.5434111357 4720.1931747198105 240.26356506347656 35.011165857315063 13.485229492187498 46.661919474601746 55.848731279373169 141.40410399436951 152.16926938295364 24.982764959335327 170.28072375059128 19.369132339954376 26.193209826946259 51.480723321437836 353.11268132925034
leaf_count=1099537 3200 238 11 4 17 79 82 127 8 165 13 44 42 226
internal_value=-7.81735e-05 0.000148082 0.000821294 0.000729667 0.0023469 0.00281096 0.00057059 0.000695754 0.00082175 0.000763327 0.00132575 0.000602816 0.000532289 0.000624314
internal_weight=1.10379e+06 6050.46 1330.26 1295.25 115.996 102.511 1179.26 938.993 797.589 772.606 171.538 601.067 574.874 523.393
internal_count=1103793 4256 1056 1045 100 96 945 707 625 617 140 477 433 391
is_linear=0
shrinkage=1


Tree=1
num_leaves=15
num_cat=0
split_feature=1 3 13 8 10 2 12 14 5 14 10 14 2 13
split_gain=0.325593 0.807924 0.431948 0.348366 0.198514 0.291508 0.0760273 0.122005 0.159525 0.119277 0.0671059 0.0641759 0.0584989 0.0875572
threshold=0.037747678892820054 0.016675178114715861 3.9105700750644079 9.941500000000001e-05 -0.2300945945978293 31.677018633540509 0.58969894384661481 0.88368353728628279 2.4376776110393066 1.0000000180025095e-35 -0.12448188572393164 0.43044042300202706 10.261055369751121 2.7065555385066546
decision_type=2 2 2 2 2 2 2 2 2 2 2 2 2 2
left_child=-1 -2 3 6 -5 -6 9 8 10 -3 11 -8 13 -9
right_child=1 2 -4 4 5 -7 7 12 -10 -11 -12 -13 -14 -15
leaf_value=-1.2096508114979908e-06 3.5432677170579528e-05 0.0014702949944629157 0.0041605599407519463 -0.001069443840624038 0.0045526554698101214 0.0013401548924960715 0.0039012528345174682 0.00046970590592582991 0.0036570487780185545 0.00020264021930603974 0.00088624335200918319 0.001288083047266648 0.00033655056258688931 0.0025311250490054216
leaf_weight=1097742.5434111357 4720.1931747198105 77.468037724494934 35.011165857315063 13.485229492187498 46.661919474601746 55.848731279373169 13.954290270805357 48.652840912342072 25.072520911693573 485.23828518390656 175.93036949634552 21.475060045719147 301.49972087144852 29.965048551559448
leaf_count=1099537 3200 65 11 4 17 79 9 23 11 482 126 22 198 9
internal_value=-3.01233e-12 0.000219468 0.000872484 0.000783606 0.00235232 0.00280246 0.000629301 0.000859423 0.00139452 0.000377159 0.00112613 0.00231731 0.000526594 0.00125541
internal_weight=1.10379e+06 6050.46 1330.26 1295.25 115.996 102.511 1179.26 616.55 236.432 562.706 211.36 35.4294 380.118 78.6179
internal_count=1103793 4256 1056 1045 100 96 945 398 168 547 157 31 230 32
is_linear=0
shrinkage=0.03


Tree=2
num_leaves=15
num_cat=0
split_feature=1 3 13 8 10 2 12 14 5 14 10 4 2 13
split_gain=0.306351 0.760176 0.40642 0.327778 0.186782 0.27428 0.0719108 0.121057 0.143619 0.108731 0.0649445 0.0584313 0.0542991 0.0823826
threshold=0.037747678892820054 0.016675178114715861 3.9105700750644079 9.941500000000001e-05 -0.2300945945978293 31.677018633540509 0.675061803680021 0.88368353728628279 2.4376776110393066 1.0000000180025095e-35 -0.12448188572393164 0.036472675819560603 10.261055369751121 2.7065555385066546
decision_type=2 2 2 2 2 2 2 2 2 2 2 2 2 2
left_child=-1 -2 3 6 -5 -6 9 8 10 -3 -8 -11 13 -9
right_child=1 2 -4 4 5 -7 7 12 -10 11 -12 -13 -14 -15
leaf_value=-1.1733583888618726e-06 3.4369686635947254e-05 0.0014261861323942619 0.0040357432302499515 -0.0010373605787767546 0.0044160760037404625 0.0012999502132848783 0.0025153879240167199 0.00045561471571993115 0.0035473373713986438 0.00014461046851476573 0.00090842420560996538 0.0015528486476477242 0.00032939378268273718 0.0024551913857784346
leaf_weight=1097742.5434111357 4720.1931747198105 77.468037724494934 35.011165857315063 13.485229492187498 46.661919474601746 55.848731279373169 26.27873420715332 48.652840912342072 25.072520911693573 488.9245702624321 163.22328692674637 28.038388609886169 291.63274586200714 29.965048551559448
leaf_count=1099537 3200 65 11 4 17 79 22 23 11 472 112 44 187 9
internal_value=-6.70831e-14 0.000212884 0.000846309 0.000760097 0.00228175 0.00271838 0.000610422 0.000846606 0.00141358 0.000378054 0.00113127 0.000220989 0.000518024 0.00121775
internal_weight=1.10379e+06 6050.46 1330.26 1295.25 115.996 102.511 1179.26 584.825 214.575 594.431 189.502 516.963 370.251 78.6179
internal_count=1103793 4256 1056 1045 100 96 945 364 145 581 134 516 219 32
is_linear=0
shrinkage=0.03


Tree=3
num_leaves=15
num_cat=0
split_feature=1 3 13 8 10 2 0 4 11 13 11 2 12 14
split_gain=0.288245 0.715249 0.3824 0.308406 0.175743 0.25807 0.0687439 0.0879867 0.067892 0.083725 0.0579784 0.0510021 0.0676412 0.156324
threshold=0.037747678892820054 0.016675178114715861 3.9105700750644079 9.941500000000001e-05 -0.2300945945978293 31.677018633540509 0.023299913168268963 0.036472675819560603 -1.1453775039846148 3.0956670188100435 1.0761488463058779 27.884615384615731 0.675061803680021 0.81530159489277154
decision_type=2 2 2 2 2 2 2 2 2 2 2 2 2 2
left_child=-1 -2 3 6 -5 -6 -3 8 -8 10 11 -10 -13 -14
right_child=1 2 -4 4 5 -7 7 -9 9 -11 -12 12 13 -15
leaf_value=-1.1381548408071623e-06 3.3338599526455673e-05 0.00020621400391439702 0.0039146710242610877 -0.0010062397266059927 0.0042835936263882803 0.0012609517309826624 0.00011079642837842934 0.0028005826665417756 0.00060684211622165178 0.0025145255479797164 -0.00032547511984566284 0.00062072887705143557 0.0026914629498843426 0.00060732948705487276
leaf_weight=1097742.5434111357 4720.1931747198105 307.22778630256653 35.011165857315063 13.485229492187498 46.661919474601746 55.848731279373169 152.60460579395294 18.054157853126526 392.25007647275925 24.982764959335327 42.587151348590851 111.93052166700363 63.446414113044739 66.172695457935333
leaf_count=1099537 3200 321 11 4 17 79 90 31 272 8 32 101 39 51
internal_value=2.73167e-12 0.000206497 0.00082092 0.000737294 0.0022133 0.00263683 0.000592109 0.000728065 0.00068425 0.000809022 0.000746028 0.000818026 0.00116097 0.00162748
internal_weight=1.10379e+06 6050.46 1330.26 1295.25 115.996 102.511 1179.26 872.028 853.974 701.37 676.387 633.8 241.55 129.619
internal_count=1103793 4256 1056 1045 100 96 945 624 593 503 495 463 191 90
is_linear=0
shrinkage=0.03


Tree=4
num_leaves=15
num_cat=0
split_feature=1 3 13 21 11 6 14 12 14 5 4 10 5 5
split_gain=0.27121 0.672978 0.3598 0.290874 0.219003 0.0808035 0.07032 0.0823325 0.0892039 0.175425 0.0714305 0.0663623 0.0582212 0.0605219
threshold=0.037747678892820054 0.016675178114715861 3.9105700750644079 2.6927908100000004 -0.65404708755214125 9.997000000000002e-05 0.23922283964815297 0.65315533590785457 0.81530159489277154 2.4376776110393066 0.036472675819560603 -0.12448188572393164 1.0051654921023103 8.0671128978325424
decision_type=2 2 2 2 2 2 2 2 2 2 2 2 2 2
left_child=-1 -2 3 6 -5 -6 -3 10 9 11 -8 -9 -10 -14
right_child=1 2 -4 4 5 -7 7 8 12 -11 -12 -13 13 -15
leaf_value=-1.104012228892921e-06 3.2338453705724067e-05 0.0013856132715843246 0.0037972309327719924 -0.00011917026793105077 0.0021846314818382618 0.004247375186000467 0.000154553362949696 0.0023294318180886076 0.001669555675697114 0.0039425827234679869 0.0015022762303646576 0.00073179571540918679 0.00022930045014758659 0.001335308280585229
leaf_weight=1097742.5434111357 4720.1931747198105 92.408758699893951 35.011165857315063 24.162328600883484 34.602955102920532 33.773397088050842 488.29801261425018 27.865518689155579 35.315987110137939 20.183318138122559 38.159546494483948 146.00366848707199 302.25661939382553 52.221943795681
leaf_count=1099537 3200 76 11 8 13 13 481 24 54 8 61 104 184 19
internal_value=6.7854e-13 0.000200303 0.000796292 0.000715176 0.00233593 0.00320349 0.000590472 0.000524294 0.000769606 0.00129517 0.000252241 0.000987844 0.000507965 0.000392238
internal_weight=1.10379e+06 6050.46 1330.26 1295.25 92.5387 68.3764 1202.71 1110.3 583.847 194.053 526.458 173.869 389.795 354.479
internal_count=1103793 4256 1056 1045 34 26 1011 935 393 136 542 128 257 203
is_linear=0
shrinkage=0.03


Tree=5
num_leaves=15
num_cat=0
split_feature=1 3 13 8 10 2 0 4 14 13 10 14 2 11
split_gain=0.255182 0.633205 0.338536 0.275528 0.158893 0.231424 0.0627148 0.0810584 0.0615891 0.0806433 0.0567706 0.0566955 0.0452013 0.0445445
threshold=0.037747678892820054 0.016675178114715861 3.9105700750644079 9.941500000000001e-05 -0.2300945945978293 31.677018633540509 0.023299913168268963 0.036472675819560603 0.45448458796915142 0.75136151974475796 -0.12448188572393164 1.0000000180025095e-35 20.349735872131294 -1.1453775039846148
decision_type=2 2 2 2 2 2 2 2 2 2 2 2 2 2
left_child=-1 -2 3 6 -5 -6 -3 8 9 10 -8 12 -12 -10
right_child=1 2 -4 4 5 -7 7 -9 13 -11 11 -13 -14 -15
leaf_value=-1.0708916913613551e-06 3.136829311968271e-05 0.00018790725130403296 0.0036833139332222284 -0.00097247740264377923 0.0040509807146132263 0.0011886367367000537 0.0027317093022876443 0.0026755963018846979 5.7635117596179904e-05 0.0029855995284283877 0.00051004972924094535 0.00024652852991160129 0.0022066174418175354 0.00064400094995735544
leaf_weight=1097742.5434111357 4720.1931747198105 307.22778630256653 35.011165857315063 13.485229492187498 46.661919474601746 55.848731279373169 14.164405465126036 18.054157853126526 149.5698174238205 19.09846168756485 25.050381481647491 84.689872920513153 32.431637287139893 528.96965354681015
leaf_count=1099537 3200 321 11 4 17 79 11 31 88 13 18 70 23 370
internal_value=7.98189e-13 0.000194293 0.000772403 0.00069372 0.00208884 0.00249155 0.000556492 0.000686349 0.000644294 0.00114534 0.000920533 0.000740087 0.00146726 0.000514749
internal_weight=1.10379e+06 6050.46 1330.26 1295.25 115.996 102.511 1179.26 872.028 853.974 175.435 156.336 142.172 57.482 678.539
internal_count=1103793 4256 1056 1045 100 96 945 624 593 135 122 111 41 458
is_linear=0
shrinkage=0.03


end of trees

feature_importances:
avg_trade_size_z=12
quote_volume_ratio=11
rsi=9
taker_imbalance=9
ema50_gap=6
atr_pct=6
taker_imbalance_z=6
trade_count_z=6
return_10=5
volume_ratio=5
funding_carry_24h=5
ema20_gap=2
funding_rate=1
global_long_short_ratio=1

parameters:
[boosting: gbdt]
[objective: regression]
[metric: l2]
[tree_learner: serial]
[device_type: cpu]
[data_sample_strategy: bagging]
[data: ]
[valid: ]
[num_iterations: 120]
[learning_rate: 0.03]
[num_leaves: 15]
[num_threads: 2]
[seed: 42]
[deterministic: 1]
[force_col_wise: 1]
[force_row_wise: 0]
[histogram_pool_size: -1]
[max_depth: -1]
[min_data_in_leaf: 10]
[min_sum_hessian_in_leaf: 0.001]
[bagging_fraction: 1]
[pos_bagging_fraction: 1]
[neg_bagging_fraction: 1]
[bagging_freq: 0]
[bagging_seed: 400]
[bagging_by_query: 0]
[feature_fraction: 1]
[feature_fraction_bynode: 1]
[feature_fraction_seed: 30056]
[extra_trees: 0]
[extra_seed: 12879]
[early_stopping_round: 0]
[early_stopping_min_delta: 0]
[first_metric_only: 0]
[max_delta_step: 0]
[lambda_l1: 0]
[lambda_l2: 0]
[linear_lambda: 0]
[min_gain_to_split: 0]
[drop_rate: 0.1]
[max_drop: 50]
[skip_drop: 0.5]
[xgboost_dart_mode: 0]
[uniform_drop: 0]
[drop_seed: 17869]
[top_rate: 0.2]
[other_rate: 0.1]
[min_data_per_group: 100]
[max_cat_threshold: 32]
[cat_l2: 10]
[cat_smooth: 10]
[max_cat_to_onehot: 4]
[top_k: 20]
[monotone_constraints: ]
[monotone_constraints_method: basic]
[monotone_penalty: 0]
[feature_contri: ]
[forcedsplits_filename: ]
[refit_decay_rate: 0.9]
[cegb_tradeoff: 1]
[cegb_penalty_split: 0]
[cegb_penalty_feature_lazy: ]
[cegb_penalty_feature_coupled: ]
[path_smooth: 0]
[interaction_constraints: ]
[verbosity: -1]
[saved_feature_importance_type: 0]
[use_quantized_grad: 0]
[num_grad_quant_bins: 4]
[quant_train_renew_leaf: 0]
[stochastic_rounding: 1]
[linear_tree: 0]
[max_bin: 255]
[max_bin_by_feature: ]
[min_data_in_bin: 3]
[bin_construct_sample_cnt: 200000]
[data_random_seed: 175]
[is_enable_sparse: 1]
[enable_bundle: 1]
[use_missing: 1]
[zero_as_missing: 0]
[feature_pre_filter: 1]
[pre_partition: 0]
[two_round: 0]
[header: 0]
[label_column: ]
[weight_column: ]
[group_column: ]
[ignore_column: ]
[categorical_feature: ]
[forcedbins_filename: ]
[precise_float_parser: 0]
[parser_config_file: ]
[objective_seed: 16083]
[num_class: 1]
[is_unbalance: 0]
[scale_pos_weight: 1]
[sigmoid: 1]
[boost_from_average: 1]
[reg_sqrt: 0]
[alpha: 0.9]
[fair_c: 1]
[poisson_max_delta_step: 0.7]
[tweedie_variance_power: 1.5]
[lambdarank_truncation_level: 30]
[lambdarank_norm: 1]
[label_gain: ]
[lambdarank_position_bias_regularization: 0]
[eval_at: ]
[multi_error_top_k: 1]
[auc_mu_weights: ]
[num_machines: 1]
[local_listen_port: 12400]
[time_out: 120]
[machine_list_filename: ]
[machines: ]
[gpu_platform_id: -1]
[gpu_device_id: -1]
[gpu_device_id_list: ]
[gpu_use_dp: 0]
[num_gpu: 1]

end of parameters

pandas_categorical:null
