tree
version=v4
num_class=1
num_tree_per_iteration=1
label_index=0
max_feature_idx=9
objective=regression
feature_names=ema20_gap ema50_gap rsi atr_pct return_10 volume_ratio funding_rate funding_z funding_carry_24h mark_basis
feature_infos=[-0.26270352773455585:0.5] [-0.34674985885447052:0.5] [0:100] [0.00058000252175008133:0.20000000000000001] [-0.5:0.5] [0.0053675224588871561:50] [-0.0033101900000000002:0.0001] [-5:1.9244258384162247] [-0.0055797599999999996:0.00030000000000000003] [-0.02:0.02]
tree_sizes=1596 1604 1591 1599 1554 1579 1557 1617 1551 1593 1556 1575 1591 1613 1594 1603 1587 1574 1611 1584 1600 1581 1569 1587 1569 1594 1561 1561 1574 1619 1593

Tree=0
num_leaves=15
num_cat=0
split_feature=0 2 2 5 1 4 2 4 4 2 3 5 2 5
split_gain=0.0860171 0.169203 0.0657274 0.107268 0.0506505 0.0399653 0.0277892 0.0344301 0.0271339 0.039085 0.0255056 0.36168 0.067439 0.0498352
threshold=0.02593656769911901 69.02654867256642 47.01986754966881 2.8874977444212999 -0.018403644838279273 0.059322448111186928 37.665173266726477 0.032828666181962458 -0.038273471659178319 53.968253968254345 0.03281413373355694 6.946918565253001 12.716083810153465 0.98743117658220991
decision_type=2 2 2 2 2 2 2 2 2 2 2 2 2 2
left_child=-1 2 4 8 -2 6 10 -8 9 -4 -6 12 -12 -14
right_child=1 -3 3 -5 5 -7 7 -9 -10 -11 11 -13 13 -15
leaf_value=-2.4648271728105157e-05 0.0022139742326696523 0.0030634540487566812 -0.00015783354372988207 -0.0035201726305524694 6.7497642681813645e-05 0.0011193647639867641 -8.5079012903451301e-05 -0.0017071326653233603 -0.00063437150096475091 0.0018729642134864939 0.001006538714529142 0.0048543933111948089 -0.00014632865769983951 0.00030081646206853694
leaf_weight=1012848 9.9999999999999982 17 58 9.9999999999999982 6198 33 635 11.999999999999998 101 9.9999999999999982 78 14.999999999999998 430 469
leaf_count=1012848 10 17 58 10 6198 33 635 12 101 10 78 15 430 469
internal_value=-2.38707e-05 7.36487e-05 6.73419e-05 -0.000501106 8.02546e-05 7.75434e-05 7.31565e-05 -0.000115163 -0.000322463 0.000140813 9.01026e-05 0.000231338 0.00016036 8.69428e-05
internal_weight=1.02092e+06 8076 8059 179 7880 7870 7837 647 169 68 7190 992 977 899
internal_count=1020924 8076 8059 179 7880 7870 7837 647 169 68 7190 992 977 899
is_linear=0
shrinkage=1


Tree=1
num_leaves=15
num_cat=0
split_feature=0 2 2 5 4 3 2 4 4 1 2 0 2 0
split_gain=0.0809335 0.159203 0.0619916 0.10126 0.0344006 0.0228419 0.0329622 0.051229 0.0225613 0.0574235 0.093573 0.0513123 0.0480942 0.0477262
threshold=0.02593656769911901 69.02654867256642 46.357615894039746 2.6121963758617786 0.059322448111186928 0.03281413373355694 53.846153846153776 -0.017237415981551426 0.059322448111186928 -0.038749102956021068 60.746966104058814 0.016658935534774381 64.637662754823822 0.0093192137166494566
decision_type=2 2 2 2 2 2 2 2 2 2 2 2 2 2
left_child=8 2 4 5 -2 -4 -7 -8 9 10 11 13 -10 -1
right_child=1 -3 3 -5 -6 6 7 -9 12 -11 -12 -13 -14 -15
leaf_value=0.00025615705336619966 9.8197958033141827e-05 0.0029947049433694168 0.00022877373858583999 -0.0030927361268550157 0.001083833886004868 -0.00074468056698164735 0.0017313123308122158 -0.00055219032426975898 0.0001902118191643589 -1.1651818690160348e-06 2.5595966987408835e-05 -0.00187983054947108 -0.00011799527552756718 0.0015041354511257461
leaf_weight=1836 7813 17 61 11.999999999999998 32 103 13.999999999999998 24 531 999980 7251 9.9999999999999982 3212 28
leaf_count=1836 7813 17 61 12 32 103 14 24 531 999980 7251 10 3212 28
internal_value=6.51204e-13 9.45938e-05 8.84762e-05 -0.000415299 0.000102218 -0.000256243 -0.000466073 0.0002891 -7.54248e-07 -4.81556e-07 7.44349e-05 0.000263405 -7.42715e-05 0.000274904
internal_weight=1.02092e+06 8076 8059 214 7845 202 141 38 1.01285e+06 1.0091e+06 9125 1874 3743 1864
internal_count=1020924 8076 8059 214 7845 202 141 38 1012848 1009105 9125 1874 3743 1864
is_linear=0
shrinkage=0.03


Tree=2
num_leaves=15
num_cat=0
split_feature=0 2 2 5 1 4 2 4 4 2 3 5 5 5
split_gain=0.0761503 0.149794 0.0587725 0.0953838 0.0477746 0.0355571 0.0258584 0.0324415 0.0253707 0.0343258 0.0243078 0.16353 0.0526671 0.0459429
threshold=0.02593656769911901 69.02654867256642 47.01986754966881 2.8874977444212999 -0.018403644838279273 0.059322448111186928 37.665173266726477 0.032828666181962458 -0.038273471659178319 53.968253968254345 0.018152689885754039 9.6721508093680466 1.4905335111975022 1.4565310861141698
decision_type=2 2 2 2 2 2 2 2 2 2 2 2 2 2
left_child=-1 2 4 8 -2 6 10 -8 9 -4 -6 12 13 -12
right_child=1 -3 3 -5 5 -7 7 -9 -10 -11 11 -13 -14 -15
leaf_value=-7.3162422845617713e-07 0.0021702923029661178 0.002904863879084587 -0.00011515621814459305 -0.0032986307563260195 6.77173112981467e-05 0.0010780856455676257 -6.1195968569085747e-05 -0.0016357100103050468 -0.0005848577041788393 0.0017879904303699731 8.1067798735594282e-05 0.0022815727738832886 0.00036623606061854874 -0.0012988634390190285
leaf_weight=1012848 9.9999999999999982 17 58 9.9999999999999982 4721 33 635 11.999999999999998 101 9.9999999999999982 1672 33 742 22
leaf_count=1012848 10 17 58 10 4721 33 635 12 101 10 1672 33 742 22
internal_value=-2.84495e-12 9.1756e-05 8.58219e-05 -0.00045171 9.80323e-05 9.53992e-05 9.12613e-05 -9.03987e-05 -0.000283253 0.000164718 0.000107608 0.000183884 0.000155467 6.31466e-05
internal_weight=1.02092e+06 8076 8059 179 7880 7870 7837 647 169 68 7190 2469 2436 1694
internal_count=1020924 8076 8059 179 7880 7870 7837 647 169 68 7190 2469 2436 1694
is_linear=0
shrinkage=0.03


Tree=3
num_leaves=15
num_cat=0
split_feature=0 2 2 5 1 4 2 4 4 2 5 1 3 5
split_gain=0.0716498 0.140941 0.055299 0.0897466 0.0449512 0.0334557 0.0243302 0.0305242 0.0238713 0.0322972 0.0237581 0.0520189 0.0232421 0.334251
threshold=0.02593656769911901 69.02654867256642 47.01986754966881 2.8874977444212999 -0.018403644838279273 0.059322448111186928 37.665173266726477 0.032828666181962458 -0.038273471659178319 53.968253968254345 2.2313025952269352 0.055431120644220851 0.03281413373355694 6.946918565253001
decision_type=2 2 2 2 2 2 2 2 2 2 2 2 2 2
left_child=-1 2 4 8 -2 6 12 10 9 -4 -8 -12 -6 -14
right_child=1 -3 3 -5 5 -7 7 -9 -10 -11 11 -13 13 -15
leaf_value=-7.0967145465304859e-07 0.0021051835231482982 0.0028177178925012842 -0.00011170153287319658 -0.003199671923182905 8.2801285456746317e-05 0.0010457430714318019 2.1382553562656728e-05 -0.0015866388380527496 -0.00056731196805041764 0.0017343507204204797 -4.4202264908650146e-05 -0.0015280802347697319 0.00017096910084531011 0.004683506932109594
leaf_weight=1012848 9.9999999999999982 17 58 9.9999999999999982 6198 33 532 11.999999999999998 101 9.9999999999999982 73 30 977 14.999999999999998
leaf_count=1012848 10 17 58 10 6198 33 532 12 101 10 73 30 977 15
internal_value=1.27373e-12 8.90033e-05 8.32472e-05 -0.000438159 9.50913e-05 9.25372e-05 8.85235e-05 -8.76867e-05 -0.000274756 0.000159777 -5.93601e-05 -0.0004764 0.00010438 0.000239203
internal_weight=1.02092e+06 8076 8059 179 7880 7870 7837 647 169 68 635 103 7190 992
internal_count=1020924 8076 8059 179 7880 7870 7837 647 169 68 635 103 7190 992
is_linear=0
shrinkage=0.03


Tree=4
num_leaves=15
num_cat=0
split_feature=4 2 3 5 2 5 5 2 2 3 5 5 2 3
split_gain=0.0678477 0.0549664 0.171579 0.231774 0.0538702 0.0247182 0.0243644 0.0219017 0.0293577 0.033443 0.0278973 0.0294696 0.0306067 0.0307175
threshold=-0.048980233015695422 12.716083810153465 0.03281413373355694 5.7193367283629213 64.402733047056657 9.6721508093680466 1.2913255361126026 17.241379310343799 14.634146341463479 0.03281413373355694 0.97210525469986842 3.8647135511903019 40.816326530611882 0.03281413373355694
decision_type=2 2 2 2 2 2 2 2 2 2 2 2 2 2
left_child=1 2 5 6 7 -1 -4 8 -3 -10 -9 12 13 -12
right_child=-2 4 3 -5 -6 -7 -8 10 9 -11 11 -13 -14 -15
leaf_value=0.000109040960763746 -4.9313036852136427e-07 0.00018680781116628065 0.00037070947812240131 0.005304501331769503 0.0019289525994099677 0.00065219239648286022 0.0014630178883380722 -1.5940410217629409e-06 -0.00016400354768750751 -0.0010118330572647838 0.00017201925875157004 -0.00015420483800185407 -0.00017243978413112535 0.00049191672898021084
leaf_weight=527 1016790 158 34 12.999999999999998 13.999999999999998 88 40 1451 215 52 774 204 149 415
leaf_count=527 1016790 158 34 13 14 88 40 1451 215 52 774 204 149 415
internal_value=-1.8197e-13 0.000121289 0.000363164 0.00161015 7.1815e-05 0.00018676 0.000961146 6.42082e-05 -0.000137319 -0.000329124 9.28246e-05 0.000181671 0.000232881 0.000283674
internal_weight=1.02092e+06 4134 702 87 3432 615 74 3418 425 267 2993 1542 1338 1189
internal_count=1020924 4134 702 87 3432 615 74 3418 425 267 2993 1542 1338 1189
is_linear=0
shrinkage=0.03


Tree=5
num_leaves=15
num_cat=0
split_feature=0 2 2 5 3 4 3 2 4 2 4 4 1 2
split_gain=0.0646438 0.131431 0.0517991 0.0763818 0.0559136 0.0286455 0.0219861 0.0329858 0.0408884 0.0241332 0.0218509 0.0212276 0.053981 0.0880943
threshold=0.02593656769911901 69.02654867256642 46.153846153846494 2.0519896245886287 0.03281413373355694 0.059322448111186928 0.03281413373355694 53.846153846153776 -0.01435406698564584 49.41176470588244 -0.005813953488372047 0.059322448111186928 -0.038749102956021068 60.746966104058814
decision_type=2 2 2 2 2 2 2 2 2 2 2 2 2 2
left_child=11 2 5 6 -5 -2 -4 9 -9 -8 -11 12 13 -1
right_child=1 -3 3 4 -6 -7 7 8 -10 10 -12 -13 -14 -15
leaf_value=0.00025558158874053848 8.8197220163456052e-05 0.0027195815544794584 0.0003300089198559622 -0.00045651119202375404 -0.0032963112268883442 0.0009876187980989925 -0.0003234095199392565 0.0015441388799808918 -0.0004689019660664988 -0.0018599509321343662 -0.00030860945868950624 -7.1985333483398634e-05 -1.0723924139110314e-06 2.4838967583047445e-05
leaf_weight=1874 7802 17 56 12 13 32 72 15.999999999999998 21 22 12.999999999999998 3743 999980 7251
leaf_count=1874 7802 17 56 12 13 32 72 16 21 22 13 3743 999980 7251
internal_value=-1.44204e-13 8.454e-05 7.89815e-05 -0.000369808 -0.00193321 9.18711e-05 -0.000174383 -0.000370535 0.000401602 -0.000637536 -0.00128374 -6.74084e-07 -4.09575e-07 7.22265e-05
internal_weight=1.02092e+06 8076 8059 225 25 7834 200 144 37 107 35 1.01285e+06 1.0091e+06 9125
internal_count=1020924 8076 8059 225 25 7834 200 144 37 107 35 1012848 1009105 9125
is_linear=0
shrinkage=0.03


Tree=6
num_leaves=15
num_cat=0
split_feature=4 2 3 5 2 5 5 2 2 3 5 5 2 3
split_gain=0.0615139 0.0515095 0.161436 0.218076 0.0489299 0.023256 0.0229244 0.020744 0.0276145 0.0314702 0.0260492 0.0278065 0.0283318 0.0288849
threshold=-0.048980233015695422 12.716083810153465 0.03281413373355694 5.7193367283629213 64.402733047056657 9.6721508093680466 1.2913255361126026 17.241379310343799 14.634146341463479 0.03281413373355694 0.97210525469986842 3.8647135511903019 40.816326530611882 0.03281413373355694
decision_type=2 2 2 2 2 2 2 2 2 2 2 2 2 2
left_child=1 2 5 6 7 -1 -4 8 -3 -10 -9 12 13 -12
right_child=-2 4 3 -5 -6 -7 -8 10 9 -11 11 -13 -14 -15
leaf_value=0.00010313905534416813 -4.6954637911915177e-07 0.00017857461623608758 0.00035694234463495801 0.0051427203531448657 0.0018375296358551297 0.00062998069811742003 0.0014164814856630981 -3.0412586916855124e-06 -0.00016162970569999998 -0.0009840724257474693 0.00016438922788621812 -0.00015221146860687227 -0.00016617389079206778 0.00047459725894423828
leaf_weight=527 1016790 158 34 12.999999999999998 13.999999999999998 88 40 1451 215 52 774 204 149 415
leaf_count=527 1016790 158 34 13 14 88 40 1451 215 52 774 204 149 415
internal_value=2.39496e-12 0.000115489 0.000349634 0.0015592 6.75959e-05 0.000178525 0.000929666 6.03464e-05 -0.000135782 -0.000321806 8.81962e-05 0.000174049 0.000223793 0.000272662
internal_weight=1.02092e+06 4134 702 87 3432 615 74 3418 425 267 2993 1542 1338 1189
internal_count=1020924 4134 702 87 3432 615 74 3418 425 267 2993 1542 1338 1189
is_linear=0
shrinkage=0.03


Tree=7
num_leaves=15
num_cat=0
split_feature=0 2 2 5 1 4 4 2 2 4 5 1 3 5
split_gain=0.0583122 0.122577 0.0487153 0.0794836 0.0424675 0.0299846 0.0225128 0.0271203 0.0219386 0.0287245 0.022033 0.0490595 0.0214015 0.0485508
threshold=0.02593656769911901 69.02654867256642 47.01986754966881 2.8874977444212999 -0.018403644838279273 0.059322448111186928 -0.038273471659178319 53.968253968254345 37.665173266726477 0.032828666181962458 2.2313025952269352 0.055431120644220851 0.03281413373355694 1.0034232188100038
decision_type=2 2 2 2 2 2 2 2 2 2 2 2 2 2
left_child=-1 2 4 6 -2 8 7 12 -6 10 -10 -12 -4 -14
right_child=1 -3 3 -5 5 -7 -8 -9 9 -11 11 -13 13 -15
leaf_value=-6.4022141689039881e-07 0.0020398133397102358 0.0026250340548508305 0.00088823607773520048 -0.0030132828578352928 9.4816472844381049e-05 0.00098596293860199772 -0.00054479241049571869 0.0016041768919676542 1.7668407314879441e-05 -0.0015416566235944629 -4.1977386692003025e-05 -0.0014830290320387574 0.00019935486757716598 -0.0020480539673008026
leaf_weight=1012848 9.9999999999999982 17 14.999999999999998 9.9999999999999982 7190 33 101 9.9999999999999982 532 11.999999999999998 73 30 31 11.999999999999998
leaf_count=1012848 10 17 15 10 7190 33 101 10 532 12 73 30 31 12
internal_value=2.36798e-13 8.02931e-05 7.49251e-05 -0.000414459 8.60419e-05 8.35593e-05 -0.000260683 0.000161304 7.97595e-05 -8.75665e-05 -6.00876e-05 -0.000461701 -8.74673e-05 -0.000427829
internal_weight=1.02092e+06 8076 8059 179 7880 7870 169 68 7837 647 635 103 58 43
internal_count=1020924 8076 8059 179 7880 7870 169 68 7837 647 635 103 58 43
is_linear=0
shrinkage=0.03


Tree=8
num_leaves=15
num_cat=0
split_feature=4 2 3 5 2 5 5 3 2 2 3 5 5 2
split_gain=0.0556125 0.0482021 0.151892 0.205187 0.0444056 0.0218802 0.0215696 0.0202537 0.0196855 0.0259741 0.0296141 0.0245765 0.026136 0.0259134
threshold=-0.048980233015695422 12.716083810153465 0.03281413373355694 5.7193367283629213 64.402733047056657 9.6721508093680466 1.2913255361126026 0.013941853169230833 17.241379310343799 14.634146341463479 0.03281413373355694 0.97210525469986842 3.8647135511903019 41.538461538461604
decision_type=2 2 2 2 2 2 2 2 2 2 2 2 2 2
left_child=1 2 5 6 8 -1 -4 -7 9 -3 -11 -10 13 -13
right_child=-2 4 3 -5 -6 7 -8 -9 11 10 -12 12 -14 -15
leaf_value=9.721669706317114e-05 -4.4645725266266667e-07 0.00017039100147059477 0.00034338954288293331 0.0049855942794909845 0.0017496004930165198 0.00022057977128390441 0.0013711424724315291 0.001142574861721211 -4.9176839099999422e-06 -0.00015951875482041517 -0.00095733973752850526 0.00025863142482245808 -0.00014921480325831319 -0.00018713381347949435
leaf_weight=527 1016790 158 34 12.999999999999998 13.999999999999998 51 40 37 1451 215 52 1208 204 130
leaf_count=527 1016790 158 34 13 14 51 40 37 1451 215 52 1208 204 130
internal_value=4.00948e-13 0.00010981 0.000336313 0.00150958 6.34796e-05 0.000170338 0.000898932 0.000608237 5.65733e-05 -0.000134486 -0.0003149 8.37033e-05 0.000167094 0.000215321
internal_weight=1.02092e+06 4134 702 87 3432 615 74 88 3418 425 267 2993 1542 1338
internal_count=1020924 4134 702 87 3432 615 74 88 3418 425 267 2993 1542 1338
is_linear=0
shrinkage=0.03


Tree=9
num_leaves=15
num_cat=0
split_feature=0 2 2 5 1 4 4 2 5 3 5 2 2 2
split_gain=0.0526166 0.114332 0.0455895 0.0747668 0.0400433 0.028318 0.0211294 0.0250191 0.0210152 0.0217163 0.102874 0.0455217 0.0398011 0.0709617
threshold=0.02593656769911901 69.02654867256642 47.01986754966881 2.8874977444212999 -0.018403644838279273 0.059322448111186928 -0.038273471659178319 53.968253968254345 0.75612172970482538 0.018152689885754039 9.6721508093680466 12.716083810153465 14.634146341463479 16.071428571428658
decision_type=2 2 2 2 2 2 2 2 2 2 2 2 2 2
left_child=-1 2 4 6 -2 8 7 -4 -6 -10 12 -12 -11 -14
right_child=1 -3 3 -5 5 -7 -8 -9 9 10 11 -13 13 -15
leaf_value=-6.0815113697215628e-07 0.0019790288005024194 0.0025339431469054785 -8.3316733311974145e-05 -0.0029228709619492288 -1.9942084834637914e-05 0.00095639744900505655 -0.00052843524039363355 0.0015414749449118971 6.2446341947524324e-05 0.00051605963835191465 0.0025262061614193952 0.00026320177974412215 -0.0010224318366298187 0.00013594100396195722
leaf_weight=1012848 9.9999999999999982 17 58 9.9999999999999982 1635 33 101 9.9999999999999982 4217 239 24 11.999999999999998 49 1661
leaf_count=1012848 10 17 58 10 1635 33 101 10 4217 239 24 12 49 1661
internal_value=8.52393e-13 7.62711e-05 7.10868e-05 -0.000402337 8.1841e-05 7.94303e-05 -0.000253193 0.000155623 7.57376e-05 0.000100961 0.000182783 0.00177187 0.000153431 0.000102748
internal_weight=1.02092e+06 8076 8059 179 7880 7870 169 68 7837 6202 1985 36 1949 1710
internal_count=1020924 8076 8059 179 7880 7870 169 68 7837 6202 1985 36 1949 1710
is_linear=0
shrinkage=0.03


Tree=10
num_leaves=15
num_cat=0
split_feature=4 2 3 5 2 5 5 5 5 5 1 2 3 5
split_gain=0.0496242 0.0433807 0.140118 0.189212 0.0402715 0.0200644 0.0196976 0.0192687 0.0185238 0.0286466 0.0448846 0.0440675 0.0494633 0.0412061
threshold=-0.048980233015695422 12.716083810153465 0.03281413373355694 5.7193367283629213 64.402733047056657 1.2913255361126026 9.6721508093680466 1.9760780451904121 5.0093726621483698 1.7024140655403848 0.011384069980673763 41.538461538461604 0.018152689885754039 1.9021503867827398
decision_type=2 2 2 2 2 2 2 2 2 2 2 2 2 2
left_child=1 2 6 5 8 -4 -1 -7 9 -3 -11 12 -12 -14
right_child=-2 4 3 -5 -6 7 -8 -9 -10 10 11 -13 13 -15
leaf_value=8.9815113362067583e-05 -4.2173316135594446e-07 1.983695467332273e-05 0.00032328138141618929 0.0047834340884135322 0.0016654925720234002 0.0024549810639582573 0.00057467760170600902 0.00093437484232708804 -0.00024388367185458883 0.0015064797439845279 -3.576096600658135e-05 -0.00090073394925639151 0.0011248926354071175 0.00032089440232256199
leaf_weight=527 1016790 2470 34 12.999999999999998 13.999999999999998 9.9999999999999982 88 30 179 24 325 32 70 318
leaf_count=527 1016790 2470 34 13 14 10 88 30 179 24 325 32 70 318
internal_value=2.95156e-12 0.000103729 0.000318606 0.00144549 5.97773e-05 0.000859089 0.000159194 0.00131453 5.32003e-05 6.96184e-05 0.000229514 0.000188377 0.000237257 0.000465946
internal_weight=1.02092e+06 4134 702 87 3432 74 615 40 3418 3239 769 745 713 388
internal_count=1020924 4134 702 87 3432 74 615 40 3418 3239 769 745 713 388
is_linear=0
shrinkage=0.03


Tree=11
num_leaves=15
num_cat=0
split_feature=0 2 2 5 3 4 3 2 4 2 4 2 0 4
split_gain=0.0475999 0.106647 0.0429089 0.066275 0.0489202 0.0240344 0.021179 0.0291226 0.0342493 0.0219734 0.0208172 0.0203645 0.0203117 0.0199718
threshold=0.02593656769911901 69.02654867256642 46.153846153846494 2.0519896245886287 0.03281413373355694 0.059322448111186928 0.03281413373355694 53.846153846153776 -0.01435406698564584 49.41176470588244 -0.005813953488372047 46.511627906976805 0.034195495851879538 0.059322448111186928
decision_type=2 2 2 2 2 2 2 2 2 2 2 2 2 2
left_child=13 2 5 6 -5 -2 -4 9 -9 11 -11 -8 -13 -1
right_child=1 -3 3 4 -6 -7 7 8 -10 10 -12 12 -14 -15
leaf_value=-3.2186884658321427e-07 7.5903226876880138e-05 0.0024461781452683839 0.00033615640577668921 -0.00041596146242227393 -0.0030722370270926213 0.00089975957554997875 -0.0015588325085991528 0.0014197778337984345 -0.00042259798218895282 -0.0017813139267028335 -0.00026711423236590168 -0.00083209869538470888 0.00030277727684006092 -6.9748186799838615e-05
leaf_weight=1009105 7802 17 56 12 13 32 9.9999999999999982 15.999999999999998 21 22 12.999999999999998 22 40 3743
leaf_count=1009105 7802 17 56 12 13 32 10 16 21 22 13 22 40 3743
internal_value=-1.35546e-12 7.2544e-05 6.7537e-05 -0.000340928 -0.00179722 7.92685e-05 -0.000158891 -0.000351409 0.000374105 -0.000602288 -0.0012189 -0.000302547 -9.99206e-05 -5.78435e-07
internal_weight=1.02092e+06 8076 8059 225 25 7834 200 144 37 107 35 72 62 1.01285e+06
internal_count=1020924 8076 8059 225 25 7834 200 144 37 107 35 72 62 1012848
is_linear=0
shrinkage=0.03


Tree=12
num_leaves=15
num_cat=0
split_feature=4 2 2 3 5 5 5 2 2 3 1 0 5 5
split_gain=0.0453371 0.0296832 0.0243749 0.128709 0.205272 0.0341788 0.0344976 0.0304747 0.0266053 0.0334136 0.022049 0.0219028 0.0201088 0.0200109
threshold=-0.038273471659178319 63.636363636364614 14.634146341463479 0.03281413373355694 4.5183837252188939 1.1162307960546187 3.2636189223963337 12.716083810153465 16.071428571428658 0.03281413373355694 -0.0031205133625170629 -0.028400816824896865 0.81636027944291012 9.6721508093680466
decision_type=2 2 2 2 2 2 2 2 2 2 2 2 2 2
left_child=1 2 3 13 5 7 -7 -5 9 -4 -3 -10 -11 -1
right_child=-2 10 8 4 -6 6 -8 -9 11 12 -12 -13 -14 -15
leaf_value=6.0921255221819517e-05 -5.6278783853537476e-07 0.00017789342743344599 -0.00014559233585376724 0.0003786761627816304 0.0039802937454691059 0.0014046163608300241 -0.00046169741460206834 -0.0015186451217159629 -0.00128287490287965 -0.00029104033182375121 0.002124281026084314 5.700129641091888e-05 -0.0020524307327078918 0.00043411462592601922
leaf_weight=1351 1012897 10 245 32 19 47 10.999999999999998 9.9999999999999982 10.999999999999998 10.000000000000002 11 6113 13.999999999999998 143
leaf_count=1351 1012897 10 245 32 19 47 11 10 11 10 11 6113 14 143
internal_value=7.14359e-13 7.10162e-05 6.80616e-05 0.000172274 0.00112181 0.000578695 0.00105066 -7.3067e-05 4.1768e-05 -0.00025024 0.00119743 5.45946e-05 -0.00131852 9.66419e-05
internal_weight=1.02092e+06 8027 8006 1613 119 100 58 42 6393 269 21 6124 24 1494
internal_count=1020924 8027 8006 1613 119 100 58 42 6393 269 21 6124 24 1494
is_linear=0
shrinkage=0.03


Tree=13
num_leaves=15
num_cat=0
split_feature=4 2 3 5 2 1 2 5 5 3 5 5 5 5
split_gain=0.0428078 0.0384321 0.123845 0.1696 0.0347584 0.0185873 0.121573 0.0536891 0.0309564 0.0421378 0.10092 0.0459383 0.033951 0.0347303
threshold=-0.048980233015695422 12.716083810153465 0.03281413373355694 5.7193367283629213 64.402733047056657 -0.038749102956021068 60.746966104058814 3.4309378093315948 0.73008015029428708 0.03281413373355694 1.7024140655403848 1.8076483626671216 1.5881695228728823 1.4905335111975022
decision_type=2 2 2 2 2 2 2 2 2 2 2 2 2 2
left_child=1 2 -1 -4 -3 6 7 -2 -8 -10 12 -12 13 -11
right_child=5 4 3 -5 -6 -7 8 -9 9 10 11 -13 -14 -15
leaf_value=0.00014872241866631644 0.00026827948785241413 4.8862647072925787e-05 0.00080283914327722132 0.0045182452866664299 0.0015467348102746266 -8.384373470716422e-07 0.00010082033907753221 -0.0015335175868058286 -1.1554385742360451e-05 -1.8994993485634154e-05 -0.0025232168945616908 -0.00073245604895340983 0.0011271943313601116 -0.0013017867382150144
leaf_weight=615 1923 3418 74 12.999999999999998 13.999999999999998 1004604 2009 14.999999999999998 7642 378 13.999999999999998 163 22 20
leaf_count=615 1923 3418 74 13 14 1004604 2009 15 7642 378 14 163 22 20
internal_value=-3.84709e-12 9.63421e-05 0.000298592 0.00135801 5.49728e-05 -3.91706e-07 3.64365e-05 0.000254334 -4.77005e-06 -3.05172e-05 -0.000273255 -0.000874098 -2.00418e-05 -8.34569e-05
internal_weight=1.02092e+06 4134 702 87 3432 1.01679e+06 12186 1938 10248 8239 597 177 420 398
internal_count=1020924 4134 702 87 3432 1016790 12186 1938 10248 8239 597 177 420 398
is_linear=0
shrinkage=0.03


Tree=14
num_leaves=15
num_cat=0
split_feature=0 2 2 5 1 4 2 1 5 2 2 4 1 2
split_gain=0.0411325 0.0980306 0.0406571 0.0666486 0.0376679 0.0254184 0.0193565 0.0249385 0.0589255 0.0286102 0.0419167 0.0183484 0.0480702 0.0779351
threshold=0.02593656769911901 69.02654867256642 47.01986754966881 2.0519896245886287 -0.018403644838279273 0.059322448111186928 38.095238095238059 0.055431120644220851 1.938113899258129 41.176470588235361 40.816326530611882 0.059322448111186928 -0.038749102956021068 60.746966104058814
decision_type=2 2 2 2 2 2 2 2 2 2 2 2 2 2
left_child=11 2 4 -4 -2 6 -6 -8 9 10 -9 12 13 -1
right_child=1 -3 3 -5 5 -7 7 8 -10 -11 -12 -13 -14 -15
leaf_value=0.00024071124666443585 0.0019128490090370178 0.0023431621689130279 -0.0001908855256335289 -0.002115723622603885 8.0357707173962933e-05 0.00090131012299521395 8.388173720482917e-05 -0.00031741084870692268 -0.0015628431391669438 0.00014000370924872755 -0.0022704854067838324 -6.683661633732812e-05 -9.1726261795418464e-07 2.3680866005328091e-05
leaf_weight=1874 9.9999999999999982 17 161 18 7251 33 313 98 30 134 10.999999999999998 3743 999980 7251
leaf_count=1874 10 17 161 18 7251 33 313 98 30 134 11 3743 999980 7251
internal_value=1.28596e-12 6.74359e-05 6.26354e-05 -0.000384445 7.27911e-05 7.04531e-05 6.69545e-05 -9.88932e-05 -0.000308448 -0.000153585 -0.00051451 -5.37702e-07 -2.91785e-07 6.82524e-05
internal_weight=1.02092e+06 8076 8059 179 7880 7870 7837 586 273 243 109 1.01285e+06 1.0091e+06 9125
internal_count=1020924 8076 8059 179 7880 7870 7837 586 273 243 109 1012848 1009105 9125
is_linear=0
shrinkage=0.03


Tree=15
num_leaves=15
num_cat=0
split_feature=4 2 2 3 5 5 5 2 2 3 0 1 5 1
split_gain=0.0390817 0.0257028 0.0214068 0.114286 0.183807 0.0321306 0.0324792 0.0280428 0.0252019 0.0314967 0.0207774 0.0199813 0.0189203 0.0187076
threshold=-0.038273471659178319 63.636363636364614 14.634146341463479 0.03281413373355694 4.5183837252188939 1.1162307960546187 3.2636189223963337 12.716083810153465 16.071428571428658 0.03281413373355694 -0.028400816824896865 -0.0031205133625170629 0.81636027944291012 -0.0075162149206571263
decision_type=2 2 2 2 2 2 2 2 2 2 2 2 2 2
left_child=1 2 3 -1 5 7 -7 -5 9 -4 -10 -3 -11 -12
right_child=-2 11 8 4 -6 6 -8 -9 10 12 13 -13 -14 -15
leaf_value=8.9578817526353853e-05 -5.2252308816405437e-07 0.00014355266466736791 -0.0001440557044810777 0.00034308030735701321 0.0037605063891724532 0.0013427195452559897 -0.00046817359683865847 -0.0014769623782485723 -0.0012516288340769029 -0.00028618571581318965 0.00024758632225747043 0.0019964296167547051 -0.0019947343991537176 3.9191133974962212e-05
leaf_weight=1494 1012897 10 245 32 19 47 10.999999999999998 9.9999999999999982 10.999999999999998 10.000000000000002 416 11 13.999999999999998 5697
leaf_count=1494 1012897 10 245 32 19 47 11 10 11 10 416 11 14 5697
internal_value=-4.79284e-13 6.59352e-05 6.31858e-05 0.000160848 0.0010556 0.000541669 0.000999274 -9.02632e-05 3.8545e-05 -0.000245657 5.10287e-05 0.00111411 -0.00128284 5.33728e-05
internal_weight=1.02092e+06 8027 8006 1613 119 100 58 42 6393 269 6124 21 24 6113
internal_count=1020924 8027 8006 1613 119 100 58 42 6393 269 6124 21 24 6113
is_linear=0
shrinkage=0.03


Tree=16
num_leaves=15
num_cat=0
split_feature=0 2 2 5 3 4 3 2 4 2 4 0 1 3
split_gain=0.0371491 0.0908816 0.0384877 0.0700038 0.0509136 0.0214702 0.0189547 0.0266159 0.0310098 0.0209361 0.0197207 0.0181037 0.0777088 0.064382
threshold=0.02593656769911901 69.02654867256642 46.357615894039746 2.0519896245886287 0.03281413373355694 0.059322448111186928 0.03281413373355694 53.846153846153776 -0.01435406698564584 49.41176470588244 -0.005813953488372047 -0.028400816824896865 -0.038749102956021068 0.016623111267483608
decision_type=2 2 2 2 2 2 2 2 2 2 2 2 2 2
left_child=11 2 5 6 -5 -2 -4 9 -9 -8 -11 -1 13 -13
right_child=1 -3 3 4 -6 -7 7 8 -10 10 -12 12 -14 -15
leaf_value=-4.5287258323820371e-05 6.7117116417552818e-05 0.0022552628464558547 0.00033304855751339343 -0.00042684753510085013 -0.0032524769898736846 0.00084578519295973819 -0.00027203429903073067 0.0013489451265195384 -0.00040413577209359828 -0.0017271008983317931 -0.00025331655373940102 2.5027952009673886e-05 -7.6254755770822366e-07 0.00023564407705150393
leaf_weight=8062 7813 17 53 11 12 32 66 15.999999999999998 21 22 12.999999999999998 3099 999429 2258
leaf_count=8062 7813 17 53 11 12 32 66 16 21 22 13 3099 999429 2258
internal_value=-2.20033e-12 6.40874e-05 5.94652e-05 -0.00033748 -0.00190109 7.02933e-05 -0.000149192 -0.000334401 0.000353953 -0.00058657 -0.0011797 -5.11007e-07 -1.5174e-07 0.000113804
internal_weight=1.02092e+06 8076 8059 214 23 7845 191 138 37 101 35 1.01285e+06 1.00479e+06 5357
internal_count=1020924 8076 8059 214 23 7845 191 138 37 101 35 1012848 1004786 5357
is_linear=0
shrinkage=0.03


Tree=17
num_leaves=15
num_cat=0
split_feature=4 2 3 5 2 5 5 1 2 3 5 5 5 2
split_gain=0.035525 0.0339958 0.109329 0.152031 0.0291885 0.0178012 0.0265782 0.0423452 0.0396218 0.0465009 0.0390154 0.0302349 0.0246846 0.022077
threshold=-0.048980233015695422 12.716083810153465 0.03281413373355694 5.7193367283629213 64.402733047056657 5.0093726621483698 1.7024140655403848 0.011384069980673763 41.538461538461604 0.018152689885754039 1.9021503867827398 1.610034011827562 2.136242255025631 20.000000000000018
decision_type=2 2 2 2 2 2 2 2 2 2 2 2 2 2
left_child=1 2 -1 -4 5 6 11 -8 9 -9 13 -3 -10 -11
right_child=-2 4 3 -5 -6 -7 7 8 12 10 -12 -13 -14 -15
leaf_value=0.00013717096305854062 -3.5683181981616445e-07 2.9326999167392385e-05 0.00074775310814918674 0.0042654584004328802 0.001415878239037868 -0.00024797395117874852 0.0014536844022222794 -4.4956895228460774e-05 2.7726598927984016e-05 -8.8607887519174256e-05 0.00030035146109116365 -0.00060318591456910188 -0.0016419765703818378 0.0013250234221401302
leaf_weight=615 1016790 2400 74 12.999999999999998 13.999999999999998 179 24 325 14.999999999999998 11.999999999999998 318 70 17 58
leaf_count=615 1016790 2400 74 13 14 179 24 325 15 12 318 70 17 58
internal_value=-1.85328e-12 8.77652e-05 0.000277984 0.00127339 4.88567e-05 4.32575e-05 5.93521e-05 0.000213367 0.000173411 0.00021976 0.000441494 1.14015e-05 -0.000859303 0.00108269
internal_weight=1.02092e+06 4134 702 87 3432 3418 3239 769 745 713 388 2470 32 70
internal_count=1020924 4134 702 87 3432 3418 3239 769 745 713 388 2470 32 70
is_linear=0
shrinkage=0.03


Tree=18
num_leaves=15
num_cat=0
split_feature=4 2 0 5 3 2 3 1 3 1 5 5 5 5
split_gain=0.0337254 0.0219279 0.0198072 0.0184352 0.0794071 0.0300811 0.0206993 0.0178726 0.0174394 0.0168023 0.0216203 0.0215753 0.0386907 0.0179633
threshold=-0.038273471659178319 63.636363636364614 -0.028400816824896865 9.6721508093680466 0.020492940343739149 9.918463208738844 0.014579124519665488 -0.0031205133625170629 0.013402861724533803 -0.0075162149206571263 0.60455586727919752 1.7793220455444414 1.4058545943075529 0.63052555254220155
decision_type=2 2 2 2 2 2 2 2 2 2 2 2 2 2
left_child=1 2 -1 9 6 -6 8 -3 -5 11 -11 12 -4 -12
right_child=-2 7 3 4 5 -7 -8 -9 -10 10 13 -13 -14 -15
leaf_value=-0.0012134392170066184 -4.8539942789361593e-07 0.00011148484327713957 0.00025875646193399433 7.447380280269287e-05 0.0026716545905219385 0.00068466075579635792 0.0007396376394194703 0.0018638636612079357 -0.00099447797052562223 -6.1826049641584653e-05 0.00044200376167829531 0.0013951587658708115 -0.0012035402696689262 6.0068316949708769e-05
leaf_weight=10.999999999999998 1012897 10 387 163 16.000000000000004 11.999999999999998 40 11 14.999999999999998 1453 113 13.999999999999998 17 5765
leaf_count=11 1012897 10 387 163 16 12 40 11 15 1453 113 14 17 5765
internal_value=-2.27984e-12 6.12504e-05 5.8711e-05 6.04613e-05 0.000316138 0.00182009 0.00012297 0.0010294 -1.56064e-05 5.23445e-05 4.17961e-05 0.000237346 0.000197224 6.74107e-05
internal_weight=1.02092e+06 8027 8006 7995 246 28 218 21 178 7749 7331 418 404 5878
internal_count=1020924 8027 8006 7995 246 28 218 21 178 7749 7331 418 404 5878
is_linear=0
shrinkage=0.03


Tree=19
num_leaves=15
num_cat=0
split_feature=3 2 5 5 3 2 5 1 3 5 2 5 2 1
split_gain=0.0324442 0.0648771 0.0863553 0.0843452 0.0615646 0.0901719 0.0565952 0.058994 0.0452908 0.0737967 0.044667 0.031571 0.0305819 0.0352607
threshold=0.01543969732227113 14.634146341463479 9.6721508093680466 2.0132478023203881 0.03281413373355694 41.538461538461604 4.5183837252188939 0.0085054460699777196 0.03281413373355694 4.5183837252188939 25.714285714285875 0.53163477966686667 89.911788178627191 -0.038749102956021068
decision_type=2 2 2 2 2 2 2 2 2 2 2 2 2 2
left_child=-1 2 8 12 -5 10 -7 -8 -2 11 -6 -10 13 -3
right_child=1 3 -4 4 5 6 7 -9 9 -11 -12 -13 -14 -15
leaf_value=-8.3501214524643382e-07 6.2937462308372435e-05 0.00011667862279097746 0.0016686684430067883 -6.8984572732177225e-05 -0.00052975387719925496 -0.00063356263456514918 -0.0011879648690529424 -0.0038601009103003884 -0.0010010540415532887 0.0031036668592555952 0.00043138856969943096 0.00070152978967720015 -0.00049647449523270608 2.6851740692117803e-05
leaf_weight=996628 299 5199 43 1957 72 221 29 9.9999999999999982 10.999999999999998 10.999999999999998 110 90 93 16151
leaf_count=996628 299 5199 43 1957 72 221 29 10 11 11 110 90 93 16151
internal_value=1.76304e-12 3.42525e-05 0.00038951 2.74877e-05 -0.00014121 -0.000460993 -0.000819497 -0.00187313 0.000255681 0.000770236 5.11564e-05 0.0005161 4.63612e-05 4.87257e-05
internal_weight=1.02092e+06 24296 454 23842 2399 442 260 39 411 112 182 101 21443 21350
internal_count=1020924 24296 454 23842 2399 442 260 39 411 112 182 101 21443 21350
is_linear=0
shrinkage=0.03


Tree=20
num_leaves=15
num_cat=0
split_feature=0 2 2 5 1 4 5 5 0 2 5 0 1 3
split_gain=0.0314906 0.0835849 0.035687 0.056618 0.0348557 0.0228238 0.0178766 0.0192487 0.0284547 0.0306496 0.0181052 0.0173359 0.0710253 0.0587733
threshold=0.02593656769911901 69.02654867256642 47.01986754966881 2.0519896245886287 -0.018403644838279273 0.059322448111186928 0.75612172970482538 0.77215323581770556 0.034195495851879538 20.754716981131917 0.2632098518051153 -0.028400816824896865 -0.038749102956021068 0.016623111267483608
decision_type=2 2 2 2 2 2 2 2 2 2 2 2 2 2
left_child=11 2 4 -4 -2 6 10 8 -8 -10 -6 -1 13 -13
right_child=1 -3 3 -5 5 -7 7 -9 9 -11 -12 12 -14 -15
leaf_value=-4.4286943784726636e-05 0.0018341240622103214 0.0021603775659904761 -0.00018589103773067434 -0.0019599822662227477 0.00032184025048842215 0.00084914885481173928 -3.8736628605341861e-05 7.6651609926745674e-05 0.00012940142187289888 0.0021096411591176602 -5.8071568148827471e-05 2.4005105569689873e-05 -7.028654301056908e-07 0.00022523824606464945
leaf_weight=8062 9.9999999999999982 17 161 18 122 33 29 6144 12.000000000000002 17 1513 3099 999429 2258
leaf_count=8062 10 17 161 18 122 33 29 6144 12 17 1513 3099 999429 2258
internal_value=-1.12202e-12 5.9005e-05 5.45723e-05 -0.000364291 6.40871e-05 6.1838e-05 5.85228e-05 8.17867e-05 0.000625747 0.00129023 -2.97234e-05 -4.70481e-07 -1.18915e-07 0.000108826
internal_weight=1.02092e+06 8076 8059 179 7880 7870 7837 6202 58 29 1635 1.01285e+06 1.00479e+06 5357
internal_count=1020924 8076 8059 179 7880 7870 7837 6202 58 29 1635 1012848 1004786 5357
is_linear=0
shrinkage=0.03


Tree=21
num_leaves=15
num_cat=0
split_feature=0 2 2 5 3 4 3 2 4 2 2 0 4 0
split_gain=0.0296295 0.0788833 0.0308025 0.0518613 0.0415065 0.0190683 0.0177257 0.0299756 0.0378555 0.0189854 0.0195705 0.0191395 0.0185645 0.0163113
threshold=0.02593656769911901 70.588235294117396 46.153846153846494 2.0519896245886287 0.03281413373355694 0.059322448111186928 0.03281413373355694 53.846153846153776 -0.01435406698564584 49.41176470588244 46.511627906976805 0.034195495851879538 -0.005813953488372047 -0.028400816824896865
decision_type=2 2 2 2 2 2 2 2 2 2 2 2 2 2
left_child=13 2 5 6 -5 -2 -4 9 -9 10 -8 -12 -11 -1
right_child=1 -3 3 4 -6 -7 7 8 -10 12 11 -13 -14 -15
leaf_value=-4.2958337608714366e-05 6.0334130027213831e-05 0.0023071862065366334 0.00032256993460967869 -0.00030739919689949598 -0.0027541342286321402 0.00079415687341679588 -0.0015195089744520372 0.0014163213432766496 -0.00043878229588947511 -0.0016708460536227158 -0.00080006092977286732 0.00030158312630373984 -0.00024092061301836601 -1.1534792864903979e-07
leaf_weight=8062 7802 13.999999999999998 56 12 13 32 9.9999999999999982 18 22 22 22 40 12.999999999999998 1004786
leaf_count=8062 7802 14 56 12 13 32 10 18 22 22 22 40 13 1004786
internal_value=-1.29681e-12 5.72349e-05 5.33277e-05 -0.000290402 -0.0015797 6.33316e-05 -0.000131622 -0.000304647 0.000396014 -0.000566577 -0.00028796 -8.93228e-05 -0.00113973 -4.56367e-07
internal_weight=1.02092e+06 8076 8062 228 25 7834 203 147 40 107 72 62 35 1.01285e+06
internal_count=1020924 8076 8062 228 25 7834 203 147 40 107 72 62 35 1012848
is_linear=0
shrinkage=0.03


Tree=22
num_leaves=15
num_cat=0
split_feature=3 2 5 5 3 2 5 1 3 5 2 5 5 3
split_gain=0.0292448 0.0600702 0.0811668 0.078064 0.0572819 0.0826991 0.0527785 0.0538263 0.0425694 0.0694074 0.0420589 0.0300974 0.0309716 0.0297697
threshold=0.01543969732227113 14.634146341463479 9.6721508093680466 2.0132478023203881 0.03281413373355694 41.538461538461604 4.5183837252188939 0.0085054460699777196 0.03281413373355694 4.5183837252188939 25.714285714285875 1.1162307960546187 3.2636189223963337 0.020492940343739149
decision_type=2 2 2 2 2 2 2 2 2 2 2 2 2 2
left_child=-1 2 8 -3 -5 10 -7 -8 -2 11 -6 -10 -13 -4
right_child=1 3 13 4 5 6 7 -9 9 -11 -12 12 -14 -15
leaf_value=-7.9277652044178053e-07 5.7753737387626993e-05 4.4167581441433831e-05 0.00084328846974213688 -6.6616239619820731e-05 -0.00051797084568534042 -0.00060851634931497747 -0.001151088747228014 -0.0037035073782317341 -0.00011678899642512468 0.0030064472357149829 0.00041468914889719599 0.0012629956664022756 -0.0005018714256584644 0.0024224335134827666
leaf_weight=996628 299 21443 22 1957 72 221 29 9.9999999999999982 42 10.999999999999998 110 48 10.999999999999998 21
leaf_count=996628 299 21443 22 1957 72 221 29 10 42 11 110 48 11 21
internal_value=-1.82151e-12 3.25198e-05 0.000374363 2.60104e-05 -0.000136284 -0.000444744 -0.000788072 -0.00180556 0.000244616 0.000743473 4.57248e-05 0.000497011 0.000933953 0.0016145
internal_weight=1.02092e+06 24296 454 23842 2399 442 260 39 411 112 182 101 59 43
internal_count=1020924 24296 454 23842 2399 442 260 39 411 112 182 101 59 43
is_linear=0
shrinkage=0.03


Tree=23
num_leaves=15
num_cat=0
split_feature=3 2 5 5 3 2 5 1 2 3 5 5 5 2
split_gain=0.0275164 0.0565201 0.0763699 0.0734505 0.0538965 0.0778883 0.0495676 0.0446128 0.0405527 0.0400536 0.0653055 0.0290893 0.0356189 0.0335116
threshold=0.01543969732227113 14.634146341463479 9.6721508093680466 2.0132478023203881 0.03281413373355694 41.358565962339576 4.5183837252188939 0.0085054460699777196 25.714285714285875 0.03281413373355694 4.5183837252188939 2.2844245310168314 2.136242255025631 18.279569892473209
decision_type=2 2 2 2 2 2 2 2 2 2 2 2 2 2
left_child=-1 2 9 -3 -5 8 -7 -8 11 -2 -11 12 -6 -13
right_child=1 3 -4 4 5 6 7 -9 -10 10 -12 13 -14 -15
leaf_value=-7.6899036500352869e-07 5.6021125512133006e-05 4.2842556393693184e-05 0.0015660638560752148 -6.4617753841070236e-05 -0.00026412162252447812 -0.00058633603614981504 -0.0011165560634228688 -0.0033603633804754778 0.00041672460521011899 0.00048210027724467585 0.0029162538012546561 0.00092576034987966222 -0.0027379796253517272 -0.00068344329272142863
leaf_weight=996628 299 21443 43 1957 11.000000000000002 222 29 10.999999999999998 108 101 10.999999999999998 18 9.9999999999999982 33
leaf_count=996628 299 21443 43 1957 11 222 29 11 108 101 11 18 10 33
internal_value=1.08039e-12 3.15442e-05 0.000363132 2.52301e-05 -0.000132195 -0.000431402 -0.000761491 -0.0017336 4.90621e-05 0.000237278 0.000721169 -0.000502432 -0.00144215 -0.000115489
internal_weight=1.02092e+06 24296 454 23842 2399 442 262 40 180 411 112 72 21 51
internal_count=1020924 24296 454 23842 2399 442 262 40 180 411 112 72 21 51
is_linear=0
shrinkage=0.03


Tree=24
num_leaves=15
num_cat=0
split_feature=4 2 1 1 2 3 2 3 5 0 1 5 1 1
split_gain=0.0266058 0.0291373 0.0367549 0.0211904 0.0221488 0.0318943 0.0284859 0.0245112 0.0478486 0.0191368 0.0182436 0.015901 0.0270079 0.0262431
threshold=-0.024738714451522755 63.636363636364614 0.055431120644220851 -0.011458803073239985 52.500000000000078 0.024540581338742967 40.62499999999995 0.03281413373355694 0.73542246506425857 -0.0072775451818930517 0.042170186578930687 0.5789999597751988 -0.016856751945318434 -0.021417630363874392
decision_type=2 2 2 2 2 2 2 2 2 2 2 2 2 2
left_child=1 3 -3 4 5 -1 7 -7 -9 -5 -11 -8 13 -13
right_child=-2 2 -4 9 -6 6 11 8 -10 10 -12 12 -14 -15
leaf_value=6.9451714649933167e-05 -7.4927578579315054e-07 0.00023415568401105702 0.0021439242463272353 -0.00098207803443074227 -8.127750322503845e-05 0.00054039110478601958 0.00039179989185849029 0.00011722001219861842 -0.0019391966707861192 9.0712506403307439e-06 7.0430376812675736e-05 0.00086473354291528046 -5.6400085533303871e-05 0.0020681661974439134
leaf_weight=395 997058 30 12.999999999999998 17 241 57 95 47 12.999999999999998 16974 5869 73 21 21
leaf_count=395 997058 30 13 17 241 57 95 47 13 16974 5869 73 21 21
internal_value=1.4547e-12 3.13028e-05 0.000811528 2.98945e-05 0.000167748 0.000250871 0.000470017 9.48895e-05 -0.000328337 2.40873e-05 2.48361e-05 0.000679017 0.000916284 0.00113359
internal_weight=1.02092e+06 23866 43 23823 963 722 327 117 60 22860 22843 210 115 94
internal_count=1020924 23866 43 23823 963 722 327 117 60 22860 22843 210 115 94
is_linear=0
shrinkage=0.03


Tree=25
num_leaves=15
num_cat=0
split_feature=3 2 1 0 2 5 5 3 3 5 1 5 3 5
split_gain=0.0250791 0.0528964 0.103032 0.0809457 0.0549093 0.0718346 0.0406172 0.0809041 0.0376603 0.061444 0.0301514 0.0289028 0.0280103 0.0262281
threshold=0.01543969732227113 60.746966104058814 -0.025957768235859432 0.034195495851879538 14.634146341463479 9.6721508093680466 1.3603089652016631 0.03281413373355694 0.03281413373355694 4.5183837252188939 0.0014364281241161516 0.53163477966686667 0.020492940343739149 5.7193367283629213
decision_type=2 2 2 2 2 2 2 2 2 2 2 2 2 2
left_child=-1 2 -2 6 5 8 -3 10 -4 11 -8 -10 -7 -9
right_child=1 3 4 -5 -6 12 7 13 9 -11 -12 -13 -14 -15
leaf_value=-7.341459277327026e-07 0.0002224444703279068 5.6190459808261733e-06 5.2483787089582359e-05 0.0017012991674710063 1.4975828970228583e-05 0.00076889497100968249 -6.3805841188598706e-05 -0.00054533142697081247 -0.00098606741743754935 0.0028266532702202144 -0.00090603905085187683 0.00064298200731354881 0.0023006656829966231 -0.0017946738837053998
leaf_weight=996628 2881 4849 299 24 13755 22 2002 276 10.999999999999998 10.999999999999998 39 90 21 15.999999999999998
leaf_count=996628 2881 4849 299 24 13755 22 2002 276 11 11 39 90 21 16
internal_value=-1.30678e-12 3.01148e-05 5.88585e-05 -3.80548e-05 2.569e-05 0.000350302 -4.38672e-05 -0.000146721 0.000228242 0.000697454 -7.98995e-05 0.000465561 0.00151697 -0.000613789
internal_weight=1.02092e+06 24296 17090 7206 14209 454 7182 2333 411 112 2041 101 43 292
internal_count=1020924 24296 17090 7206 14209 454 7182 2333 411 112 2041 101 43 292
is_linear=0
shrinkage=0.03


Tree=26
num_leaves=15
num_cat=0
split_feature=4 2 1 1 0 2 3 5 2 3 0 2 3 4
split_gain=0.0243671 0.0267232 0.0332385 0.0193167 0.0214242 0.0192975 0.0264386 0.0323347 0.0240345 0.0256948 0.0180112 0.0167486 0.0171134 0.0268494
threshold=-0.024738714451522755 63.636363636364614 0.055431120644220851 -0.011458803073239985 0.010706051250239825 41.358565962339576 0.03281413373355694 0.73542246506425857 44.468240901676765 0.03281413373355694 -0.0072775451818930517 52.500000000000078 0.024540581338742967 -0.029382198584703919
decision_type=2 2 2 2 2 2 2 2 2 2 2 2 2 2
left_child=1 3 -3 4 11 6 -6 -8 9 -7 -5 12 -1 -14
right_child=-2 2 -4 10 5 8 7 -9 -10 -11 -12 -13 13 -15
leaf_value=5.0767366917438371e-05 -7.1706281124885444e-07 0.00022810246597509832 0.0020442199585242911 -0.00095306498546372429 0.00044733474014579906 0.00066193249262869343 0.00016197985864710063 -0.0018078338810300918 0.00044769502076010925 0.0025244045967701819 2.3790115678862971e-05 -0.00013242664813560622 0.00022907420326393073 0.0011319974563525031
leaf_weight=340 997058 30 12.999999999999998 17 78 15 20 11.999999999999998 76 12 22843 224 149 37
leaf_count=340 997058 30 13 17 78 15 20 12 76 12 22843 224 149 37
internal_value=-2.06589e-12 2.99569e-05 0.000777161 2.86082e-05 0.000160226 0.000425748 0.000149434 -0.0005767 0.000720841 0.0014897 2.30637e-05 8.48177e-05 0.000177332 0.000408688
internal_weight=1.02092e+06 23866 43 23823 963 213 110 32 103 27 22860 750 526 186
internal_count=1020924 23866 43 23823 963 213 110 32 103 27 22860 750 526 186
is_linear=0
shrinkage=0.03


Tree=27
num_leaves=15
num_cat=0
split_feature=0 2 2 5 3 4 3 2 4 2 4 1 5 3
split_gain=0.0232382 0.069049 0.0296282 0.0548588 0.041332 0.0180335 0.0161999 0.0261229 0.0331926 0.0183245 0.0177053 0.0149324 0.0355001 0.0620195
threshold=0.02593656769911901 70.588235294117396 46.357615894039746 2.0519896245886287 0.03281413373355694 0.059322448111186928 0.03281413373355694 53.846153846153776 -0.01435406698564584 49.41176470588244 -0.005813953488372047 0.011384069980673763 1.279121444194294 0.03281413373355694
decision_type=2 2 2 2 2 2 2 2 2 2 2 2 2 2
left_child=-1 2 5 6 -5 11 -4 9 -9 -8 -11 12 -2 -14
right_child=1 -3 3 4 -6 -7 7 8 -10 10 -12 -13 13 -15
leaf_value=-4.0416099838271723e-07 7.1753293009576308e-05 0.0021557216479309968 0.00031262109351546481 -0.00035579174592964005 -0.0029016910830978299 0.00076731658307835457 -0.00026530946522887623 0.0013016677841854592 -0.00043543098811906844 -0.0016331557352730834 -0.00023670859491595856 4.8124688035804947e-05 8.5865144501440224e-05 0.0025650940061314031
leaf_weight=1012848 101 13.999999999999998 53 11 12 32 66 18 22 22 12.999999999999998 7675 21 15.999999999999998
leaf_count=1012848 101 14 53 11 12 32 66 18 22 22 13 7675 21 16
internal_value=-2.25114e-12 5.06874e-05 4.70319e-05 -0.000298763 -0.00168409 5.65969e-05 -0.000134524 -0.000302599 0.000346263 -0.000559575 -0.00111448 5.3686e-05 0.000362984 0.00115796
internal_weight=1.02092e+06 8076 8062 217 23 7845 194 141 40 101 35 7813 138 37
internal_count=1020924 8076 8062 217 23 7845 194 141 40 101 35 7813 138 37
is_linear=0
shrinkage=0.03


Tree=28
num_leaves=15
num_cat=0
split_feature=3 2 1 0 2 5 5 3 3 5 1 5 5 3
split_gain=0.0226262 0.0492258 0.097142 0.0701334 0.0512246 0.0675866 0.03818 0.0761286 0.0354308 0.0578127 0.0283695 0.0276112 0.0291425 0.0263549
threshold=0.01543969732227113 60.746966104058814 -0.025957768235859432 0.034195495851879538 14.634146341463479 9.6721508093680466 1.3603089652016631 0.03281413373355694 0.03281413373355694 4.5183837252188939 0.0014364281241161516 1.1162307960546187 3.2636189223963337 0.020492940343739149
decision_type=2 2 2 2 2 2 2 2 2 2 2 2 2 2
left_child=-1 2 -2 6 5 8 -3 10 -4 11 -8 -10 -13 -7
right_child=1 3 4 -5 -6 13 7 -9 9 -11 -12 12 -14 -15
leaf_value=-6.9732013748760348e-07 0.00021517418208640631 5.4106538226915144e-06 4.8785246508608706e-05 0.001581868195789866 1.3777701987198201e-05 0.00074367066781798547 -6.1858027644814894e-05 -0.00059536122308911639 -0.00013846463326314863 0.0027396962571550497 -0.00087882426065894273 0.0011871212925689178 -0.00052483815149488773 0.0022294883197173476
leaf_weight=996628 2881 4849 299 24 13755 22 2002 292 42 10.999999999999998 39 48 10.999999999999998 21
leaf_count=996628 2881 4849 299 24 13755 22 2002 292 42 11 39 48 11 21
internal_value=-1.38836e-12 2.86042e-05 5.63327e-05 -3.71577e-05 2.41262e-05 0.000337658 -4.2568e-05 -0.000142289 0.000219262 0.000674373 -7.74688e-05 0.000449437 0.000867942 0.0014693
internal_weight=1.02092e+06 24296 17090 7206 14209 454 7182 2333 411 112 2041 101 59 43
internal_count=1020924 24296 17090 7206 14209 454 7182 2333 411 112 2041 101 59 43
is_linear=0
shrinkage=0.03


Tree=29
num_leaves=15
num_cat=0
split_feature=4 2 1 1 0 2 3 5 3 1 1 0 0 2
split_gain=0.0216341 0.0237874 0.028773 0.0177662 0.0202773 0.0183571 0.0264409 0.0464534 0.0185427 0.0221935 0.024435 0.0220755 0.0169348 0.015811
threshold=-0.024738714451522755 63.636363636364614 0.055431120644220851 -0.011458803073239985 0.010706051250239825 40.62499999999995 0.03281413373355694 0.73542246506425857 0.03281413373355694 -0.014932883575757115 -0.028037715694469164 0.017985994176743961 -0.0072775451818930517 52.500000000000078
decision_type=2 2 2 2 2 2 2 2 2 2 2 2 2 2
left_child=1 3 -3 4 13 6 -6 -8 -7 10 11 -10 -5 -1
right_child=-2 2 -4 12 5 8 7 -9 9 -11 -12 -13 -14 -15
leaf_value=0.00016970529968914164 -6.7565146361399465e-07 0.00022234737440885509 0.0019120699930219695 -0.00092487423406804306 0.00042627436373246985 0.00021360004379501965 0.00022445785641474154 -0.0023016520460369064 0.0016099630583238857 -0.00030360584752634167 0.0019285238819662478 -1.2405383555839459e-05 2.2341589928640377e-05 -0.0001312589953900962
leaf_weight=526 997058 30 12.999999999999998 17 72 46 19.000000000000004 9.9999999999999982 12.999999999999998 9.9999999999999982 25.000000000000004 18 22843 224
leaf_count=526 997058 30 13 17 72 46 19 10 13 10 25 18 22843 224
internal_value=1.44967e-12 2.8227e-05 0.000733194 2.69545e-05 0.000153179 0.000411497 0.000118217 -0.000646615 0.000675972 0.000998231 0.0012307 0.000667943 2.16372e-05 7.98173e-05
internal_weight=1.02092e+06 23866 43 23823 963 213 101 29 112 66 56 31 22860 750
internal_count=1020924 23866 43 23823 963 213 101 29 112 66 56 31 22860 750
is_linear=0
shrinkage=0.03


Tree=30
num_leaves=15
num_cat=0
split_feature=3 2 5 5 3 2 5 1 2 3 5 0 2 4
split_gain=0.0208082 0.0460843 0.0647194 0.0635935 0.0479297 0.0684057 0.0452241 0.0487061 0.0373193 0.0333388 0.0543959 0.0280426 0.0828754 0.0503035
threshold=0.01543969732227113 14.634146341463479 2.0132478023203881 9.6721508093680466 0.03281413373355694 41.538461538461604 4.5183837252188939 0.0085054460699777196 25.714285714285875 0.03281413373355694 4.5183837252188939 0.016658935534774381 50.647099641679965 -0.01958863882160727
decision_type=2 2 2 2 2 2 2 2 2 2 2 2 2 2
left_child=-1 3 -3 9 -4 8 11 -8 -6 -2 -11 12 -7 -13
right_child=1 2 4 -5 5 6 7 -9 -10 10 -12 13 -14 -15
leaf_value=-6.6871761032016658e-07 4.6634004209159457e-05 3.826202874531044e-05 -6.2316343237273054e-05 0.0014245531911052068 -0.00049311247625155369 0.0017512217927724122 -0.001039747287005443 -0.0034677324257791041 0.00038542681592728263 0.00043528313492799387 0.0026568351144140418 -0.00048887523822486393 -0.00058088026579935104 -0.0025718237569526538
leaf_weight=996628 299 21443 1957 43 72 14.999999999999998 29 9.9999999999999982 110 101 10.999999999999998 30 160 15.999999999999998
leaf_count=996628 299 21443 1957 43 72 15 29 10 110 101 11 30 160 16
internal_value=-5.4381e-14 2.7431e-05 2.17295e-05 0.000326846 -0.000126043 -0.000408202 -0.000720454 -0.00166231 3.78728e-05 0.000212001 0.000653471 -0.000554244 -0.000380986 -0.00121338
internal_weight=1.02092e+06 24296 23842 454 2399 442 260 39 182 411 112 221 175 46
internal_count=1020924 24296 23842 454 2399 442 260 39 182 411 112 221 175 46
is_linear=0
shrinkage=0.03


end of trees

feature_importances:
rsi=124
volume_ratio=113
atr_pct=69
return_10=51
ema50_gap=44
ema20_gap=33

parameters:
[boosting: gbdt]
[objective: regression]
[metric: l2]
[tree_learner: serial]
[device_type: cpu]
[data_sample_strategy: bagging]
[data: ]
[valid: ]
[num_iterations: 200]
[learning_rate: 0.03]
[num_leaves: 15]
[num_threads: 2]
[seed: 42]
[deterministic: 1]
[force_col_wise: 1]
[force_row_wise: 0]
[histogram_pool_size: -1]
[max_depth: -1]
[min_data_in_leaf: 10]
[min_sum_hessian_in_leaf: 0.001]
[bagging_fraction: 1]
[pos_bagging_fraction: 1]
[neg_bagging_fraction: 1]
[bagging_freq: 0]
[bagging_seed: 400]
[bagging_by_query: 0]
[feature_fraction: 1]
[feature_fraction_bynode: 1]
[feature_fraction_seed: 30056]
[extra_trees: 0]
[extra_seed: 12879]
[early_stopping_round: 0]
[early_stopping_min_delta: 0]
[first_metric_only: 0]
[max_delta_step: 0]
[lambda_l1: 0]
[lambda_l2: 0]
[linear_lambda: 0]
[min_gain_to_split: 0]
[drop_rate: 0.1]
[max_drop: 50]
[skip_drop: 0.5]
[xgboost_dart_mode: 0]
[uniform_drop: 0]
[drop_seed: 17869]
[top_rate: 0.2]
[other_rate: 0.1]
[min_data_per_group: 100]
[max_cat_threshold: 32]
[cat_l2: 10]
[cat_smooth: 10]
[max_cat_to_onehot: 4]
[top_k: 20]
[monotone_constraints: ]
[monotone_constraints_method: basic]
[monotone_penalty: 0]
[feature_contri: ]
[forcedsplits_filename: ]
[refit_decay_rate: 0.9]
[cegb_tradeoff: 1]
[cegb_penalty_split: 0]
[cegb_penalty_feature_lazy: ]
[cegb_penalty_feature_coupled: ]
[path_smooth: 0]
[interaction_constraints: ]
[verbosity: -1]
[saved_feature_importance_type: 0]
[use_quantized_grad: 0]
[num_grad_quant_bins: 4]
[quant_train_renew_leaf: 0]
[stochastic_rounding: 1]
[linear_tree: 0]
[max_bin: 255]
[max_bin_by_feature: ]
[min_data_in_bin: 3]
[bin_construct_sample_cnt: 200000]
[data_random_seed: 175]
[is_enable_sparse: 1]
[enable_bundle: 1]
[use_missing: 1]
[zero_as_missing: 0]
[feature_pre_filter: 1]
[pre_partition: 0]
[two_round: 0]
[header: 0]
[label_column: ]
[weight_column: ]
[group_column: ]
[ignore_column: ]
[categorical_feature: ]
[forcedbins_filename: ]
[precise_float_parser: 0]
[parser_config_file: ]
[objective_seed: 16083]
[num_class: 1]
[is_unbalance: 0]
[scale_pos_weight: 1]
[sigmoid: 1]
[boost_from_average: 1]
[reg_sqrt: 0]
[alpha: 0.9]
[fair_c: 1]
[poisson_max_delta_step: 0.7]
[tweedie_variance_power: 1.5]
[lambdarank_truncation_level: 30]
[lambdarank_norm: 1]
[label_gain: ]
[lambdarank_position_bias_regularization: 0]
[eval_at: ]
[multi_error_top_k: 1]
[auc_mu_weights: ]
[num_machines: 1]
[local_listen_port: 12400]
[time_out: 120]
[machine_list_filename: ]
[machines: ]
[gpu_platform_id: -1]
[gpu_device_id: -1]
[gpu_device_id_list: ]
[gpu_use_dp: 0]
[num_gpu: 1]

end of parameters

pandas_categorical:null
