tree
version=v4
num_class=1
num_tree_per_iteration=1
label_index=0
max_feature_idx=29
objective=regression
feature_names=ema20_gap ema50_gap rsi atr_pct return_10 volume_ratio funding_rate funding_z funding_carry_24h mark_basis taker_imbalance taker_imbalance_z trade_count_z avg_trade_size_z quote_volume_ratio oi_change_5m oi_change_1h oi_z oi_price_quadrant long_short_ratio_z smart_retail_gap global_long_short_ratio taker_buy_sell_ratio_z flow_delta_ratio flow_delta_z flow_trade_intensity_z flow_largest_trade_z liquidation_pressure liquidation_share liquidation_z
feature_infos=[-0.2009984379456814:0.5] [-0.2263240366291186:0.5] [0:100] [0.00010655786621006779:0.20000000000000001] [-0.5:0.5] [0.01891271652434337:50] [-0.00302761:0.00045252999999999998] [-5:4.7095213230094704] [-0.0066534300000000001:0.00065253000000000002] [-0.0092288942791222128:0.011938455205063425] [-0.99537210279124821:0.98444897227814443] [-4.2514282624521842:4.0705869310664031] [-2.5671822968890861:6.7736819240577688] [-4.117094052458846:6.4804022562753474] [0.017287482992453307:134.94858363304388] [-0.049767821427036507:0.094444832002344992] [-0.26142640274450402:0.1468638039889083] [-6.462816674302128:6.6058822582757895] [-1:1] [-6.7721551075630799:6.748675269239178] [-1.1781554499999998:1.8381203899999998] [0:5.7199348299999997] [-3.5272386275956404:6.7178637762213631] none none none none none none none
tree_sizes=1770 1773 1775 1777 1775 1774

Tree=0
num_leaves=15
num_cat=0
split_feature=1 3 8 13 11 2 12 14 5 2 14 10 12 4
split_gain=0.219636 0.472531 0.315701 0.280424 0.1775 0.246237 0.104396 0.076345 0.111081 0.0705793 0.09128 0.0555968 0.0508128 0.028577
threshold=0.036853252921032038 0.016966647208536797 9.9215000000000005e-05 3.8678131796490889 -0.80695738623171787 32.292639031301455 0.59479663843585806 0.86812543673569731 2.3881451138731284 10.000851208717068 2.5169470406509951 -0.12308272934373708 3.4568834832391269 0.036555414120393655
decision_type=2 2 2 2 2 2 2 2 2 2 2 2 2 2
left_child=-1 -2 3 6 -4 -6 13 8 11 10 -9 -8 -11 -3
right_child=1 2 4 -5 5 -7 7 9 -10 12 -12 -13 -14 -15
leaf_value=-6.5566400215117898e-05 -1.8353094932615736e-05 7.2287556799489024e-05 -0.00089048395081773625 0.0043296714950265477 0.0046791341244771184 0.0012629643046578193 0.0022328465595306914 0.0028947904266666095 0.0031510000971422952 0.00049568611791970922 0.00059216084595446609 0.00072426808287638015 -0.00045369647929745769 0.0012111935124448111
leaf_weight=878395.06223714352 4011.9465056657791 420.71254587173462 12.626483023166655 17.220935821533203 37.532599449157715 38.436898350715637 26.004334986209869 22.676341116428375 23.70090639591217 207.93423271179199 48.920469760894775 142.30220508575439 67.114648640155792 20.808898031711578
leaf_count=879928 2708 405 5 5 14 56 21 11 10 149 17 99 32 33
internal_value=-6.44269e-05 0.000131918 0.000687059 0.000534612 0.00240328 0.00295072 0.000467936 0.000748242 0.00122813 0.000482431 0.00132146 0.000957352 0.000264027 0.000125964
internal_weight=883493 5097.94 1085.99 997.396 88.596 75.9695 980.175 538.653 192.007 346.646 71.5968 168.307 275.049 441.521
internal_count=883493 3565 857 782 75 70 777 339 130 209 28 120 181 438
is_linear=0
shrinkage=1


Tree=1
num_leaves=15
num_cat=0
split_feature=1 3 8 13 11 2 12 14 5 2 14 10 12 4
split_gain=0.206655 0.444605 0.297043 0.263851 0.16701 0.231685 0.098226 0.071833 0.104516 0.0664081 0.0858853 0.052311 0.0478098 0.0268881
threshold=0.036853252921032038 0.016966647208536797 9.9215000000000005e-05 3.8678131796490889 -0.80695738623171787 32.292639031301455 0.59479663843585806 0.86812543673569731 2.3881451138731284 10.000851208717068 2.5169470406509951 -0.12308272934373708 3.4568834832391269 0.036555414120393655
decision_type=2 2 2 2 2 2 2 2 2 2 2 2 2 2
left_child=-1 -2 3 6 -4 -6 13 8 11 10 -9 -8 -11 -3
right_child=1 2 4 -5 5 -7 7 9 -10 12 -12 -13 -14 -15
leaf_value=-1.1053380085260321e-06 4.4691554566726399e-05 0.00013261300360958403 -0.00080127536932742601 0.0042622754321482636 0.0046012542529327901 0.0012875694922306151 0.0022283551834156659 0.002870440564985771 0.0031189641651696242 0.00054330962664732589 0.00063689012793646913 0.00076503413124268951 -0.00037759150798875115 0.0012373517849453321
leaf_weight=878395.06223714352 4011.9465056657791 420.71254587173462 12.626483023166655 17.220935821533203 37.532599449157715 38.436898350715637 26.004334986209869 22.676341116428375 23.70090639591217 207.93423271179199 48.920469760894775 142.30220508575439 67.114648640155792 20.808898031711578
leaf_count=879928 2708 405 5 5 14 56 21 11 10 149 17 99 32 33
internal_value=9.84796e-13 0.000190454 0.000728941 0.000581068 0.00239367 0.00292469 0.000516392 0.000788288 0.00125378 0.000530452 0.00134431 0.000991126 0.000318601 0.000184679
internal_weight=883493 5097.94 1085.99 997.396 88.596 75.9695 980.175 538.653 192.007 346.646 71.5968 168.307 275.049 441.521
internal_count=883493 3565 857 782 75 70 777 339 130 209 28 120 181 438
is_linear=0
shrinkage=0.03


Tree=2
num_leaves=15
num_cat=0
split_feature=1 3 20 13 14 6 12 2 14 5 2 13 10 12
split_gain=0.194442 0.418328 0.280343 0.251051 0.0953147 0.097975 0.0756981 0.0747869 0.0605019 0.100323 0.0627357 0.0840295 0.0559764 0.0518615
threshold=0.036853252921032038 0.016966647208536797 0.57719912000000007 3.8678131796490889 0.72405952484270197 1.1430000000000002e-05 0.67642587675337529 10.000851208717068 0.86812543673569731 2.3881451138731284 10.000851208717068 2.6837685920530254 -0.11529410650415882 3.4568834832391269
decision_type=2 2 2 2 2 2 2 2 2 2 2 2 2 2
left_child=-1 -2 3 6 5 -4 -3 -6 9 12 11 -10 -8 -12
right_child=1 2 4 -5 7 -7 8 -9 10 -11 13 -13 -14 -15
leaf_value=-1.0721842174730991e-06 4.3350824243019754e-05 0.00021029458922824912 0.0015333167832973016 0.0041344068722151397 0.0028976297433949906 0.0040571424364753642 0.0022693413774210127 0.00049105267759856099 0.00033070322571238727 0.0030253951922650461 0.00054288357645501629 0.0024906516151539907 0.00063173774834616233 -0.00044182809480142248
leaf_weight=878395.06223714352 4011.9465056657791 473.90924924612045 23.916086554527283 17.220935821533203 16.838248252868652 32.868432402610779 22.597363829612732 37.512857794761658 34.564439833164215 23.70090639591217 197.29181957244873 30.526684284210205 111.37401378154755 63.670461475849152
leaf_count=879928 2708 482 10 5 5 17 20 25 17 10 146 9 80 31
internal_value=-5.29074e-12 0.000184741 0.000707073 0.000544327 0.00213464 0.00299418 0.000479768 0.00123662 0.000743773 0.00122625 0.000510459 0.00134368 0.000907957 0.00030263
internal_weight=883493 5097.94 1085.99 974.856 111.136 56.7845 957.635 54.3511 483.726 157.672 326.053 65.0911 133.971 260.962
internal_count=883493 3565 857 800 57 27 795 30 313 110 203 26 100 177
is_linear=0
shrinkage=0.03


Tree=3
num_leaves=15
num_cat=0
split_feature=1 3 8 13 11 2 12 14 5 2 14 10 12 4
split_gain=0.182951 0.393605 0.265241 0.233666 0.152244 0.207102 0.0872179 0.0639709 0.0924145 0.0581049 0.0802926 0.0471262 0.0422465 0.0253059
threshold=0.036853252921032038 0.016966647208536797 9.9215000000000005e-05 3.8678131796490889 -0.80695738623171787 32.292639031301455 0.59479663843585806 0.86812543673569731 2.3881451138731284 10.000851208717068 2.5169470406509951 -0.12308272934373708 3.4568834832391269 0.036555414120393655
decision_type=2 2 2 2 2 2 2 2 2 2 2 2 2 2
left_child=-1 -2 3 6 -4 -6 13 8 11 10 -9 -8 -11 -3
right_child=1 2 4 -5 5 -7 7 9 -10 12 -12 -13 -14 -15
leaf_value=-1.0400145560668507e-06 4.2050301819572453e-05 0.00012217904961180472 -0.00079148881236065576 0.0040103749710645904 0.0043510783329479179 0.0012181224906225006 0.0021080856946923011 0.0027350388543672596 0.0029346333482737487 0.00051121947956551668 0.00057543503334266674 0.00071917568421129424 -0.00035444512952233936 0.001193922398550805
leaf_weight=878395.06223714352 4011.9465056657791 420.71254587173462 12.626483023166655 17.220935821533203 37.532599449157715 38.436898350715637 26.004334986209869 22.676341116428375 23.70090639591217 207.93423271179199 48.920469760894775 142.30220508575439 67.114648640155792 20.808898031711578
leaf_count=879928 2708 405 5 5 14 56 21 11 10 149 17 99 32 33
internal_value=-9.97849e-13 0.000179198 0.000685861 0.000546127 0.00225896 0.00276595 0.000485263 0.000741471 0.00118075 0.000498154 0.00125943 0.00093377 0.000299989 0.00017269
internal_weight=883493 5097.94 1085.99 997.396 88.596 75.9695 980.175 538.653 192.007 346.646 71.5968 168.307 275.049 441.521
internal_count=883493 3565 857 782 75 70 777 339 130 209 28 120 181 438
is_linear=0
shrinkage=0.03


Tree=4
num_leaves=15
num_cat=0
split_feature=1 3 20 13 14 6 12 2 14 5 2 13 10 12
split_gain=0.172138 0.370343 0.251067 0.222371 0.084986 0.0855392 0.0670095 0.0655996 0.0535014 0.0889379 0.0555473 0.0781184 0.0504057 0.0460992
threshold=0.036853252921032038 0.016966647208536797 0.57719912000000007 3.8678131796490889 0.72405952484270197 1.1430000000000002e-05 0.67642587675337529 10.000851208717068 0.86812543673569731 2.3881451138731284 10.000851208717068 2.6837685920530254 -0.11529410650415882 3.4568834832391269
decision_type=2 2 2 2 2 2 2 2 2 2 2 2 2 2
left_child=-1 -2 3 6 5 -4 -3 -6 9 12 11 -10 -8 -12
right_child=1 2 4 -5 7 -7 8 -9 10 -11 13 -13 -14 -15
leaf_value=-1.0088171416706479e-06 4.0788785915044696e-05 0.00019697420305246638 0.0014628850044617339 0.0038900634332707921 0.0027239315001931618 0.0038211048341880906 0.0021447894540708623 0.0004700163444473866 0.00028683757107684544 0.0028465942528504754 0.00051045584270998094 0.002369430115614564 0.00059080639428873147 -0.00041793989239223279
leaf_weight=878395.06223714352 4011.9465056657791 473.90924924612045 23.916086554527283 17.220935821533203 16.838248252868652 32.868432402610779 22.597363829612732 37.512857794761658 34.564439833164215 23.70090639591217 197.29181957244873 30.526684284210205 111.37401378154755 63.670461475849152
leaf_count=879928 2708 482 10 5 5 17 20 25 17 10 146 9 80 31
internal_value=-4.01322e-12 0.000173823 0.000665285 0.000511271 0.00201626 0.00282789 0.000450511 0.00116829 0.000698903 0.00115261 0.000479503 0.00126354 0.000852921 0.000283943
internal_weight=883493 5097.94 1085.99 974.856 111.136 56.7845 957.635 54.3511 483.726 157.672 326.053 65.0911 133.971 260.962
internal_count=883493 3565 857 800 57 27 795 30 313 110 203 26 100 177
is_linear=0
shrinkage=0.03


Tree=5
num_leaves=15
num_cat=0
split_feature=1 3 8 13 11 2 12 14 5 2 14 10 12 4
split_gain=0.161965 0.348456 0.236868 0.206936 0.138861 0.185176 0.0774419 0.0569688 0.0817151 0.0508194 0.0750546 0.042456 0.0373236 0.0238168
threshold=0.036853252921032038 0.016966647208536797 9.9215000000000005e-05 3.8678131796490889 -0.80695738623171787 32.292639031301455 0.59479663843585806 0.86812543673569731 2.3881451138731284 10.000851208717068 2.5169470406509951 -0.12308272934373708 3.4568834832391269 0.036555414120393655
decision_type=2 2 2 2 2 2 2 2 2 2 2 2 2 2
left_child=-1 -2 3 6 -4 -6 13 8 11 10 -9 -8 -11 -3
right_child=1 2 4 -5 5 -7 7 9 -10 12 -12 -13 -14 -15
leaf_value=-9.78547692083743e-07 3.956512527477721e-05 0.00011246349036996018 -0.00078137799128806832 0.0037733615705088088 0.0041149744951396346 0.0011525017282083619 0.0019943331885888646 0.0026064249160554203 0.002761196457730332 0.00048102516104421393 0.00051845208914435724 0.00067603759706829215 -0.00033264060754917296 0.0011521955258945544
leaf_weight=878395.06223714352 4011.9465056657791 420.71254587173462 12.626483023166655 17.220935821533203 37.532599449157715 38.436898350715637 26.004334986209869 22.676341116428375 23.70090639591217 207.93423271179199 48.920469760894775 142.30220508575439 67.114648640155792 20.808898031711578
leaf_count=879928 2708 405 5 5 14 56 21 11 10 149 17 99 32 33
internal_value=1.03782e-12 0.000168608 0.000645327 0.000513278 0.00213191 0.00261611 0.000456001 0.000697424 0.00111197 0.000467808 0.00117976 0.000879722 0.000282483 0.000161466
internal_weight=883493 5097.94 1085.99 997.396 88.596 75.9695 980.175 538.653 192.007 346.646 71.5968 168.307 275.049 441.521
internal_count=883493 3565 857 782 75 70 777 339 130 209 28 120 181 438
is_linear=0
shrinkage=0.03


end of trees

feature_importances:
rsi=12
trade_count_z=12
quote_volume_ratio=12
avg_trade_size_z=8
ema50_gap=6
atr_pct=6
volume_ratio=6
taker_imbalance=6
return_10=4
funding_carry_24h=4
taker_imbalance_z=4
funding_rate=2
smart_retail_gap=2

parameters:
[boosting: gbdt]
[objective: regression]
[metric: l2]
[tree_learner: serial]
[device_type: cpu]
[data_sample_strategy: bagging]
[data: ]
[valid: ]
[num_iterations: 120]
[learning_rate: 0.03]
[num_leaves: 15]
[num_threads: 16]
[seed: 42]
[deterministic: 1]
[force_col_wise: 1]
[force_row_wise: 0]
[histogram_pool_size: -1]
[max_depth: -1]
[min_data_in_leaf: 10]
[min_sum_hessian_in_leaf: 0.001]
[bagging_fraction: 1]
[pos_bagging_fraction: 1]
[neg_bagging_fraction: 1]
[bagging_freq: 0]
[bagging_seed: 400]
[bagging_by_query: 0]
[feature_fraction: 1]
[feature_fraction_bynode: 1]
[feature_fraction_seed: 30056]
[extra_trees: 0]
[extra_seed: 12879]
[early_stopping_round: 0]
[early_stopping_min_delta: 0]
[first_metric_only: 0]
[max_delta_step: 0]
[lambda_l1: 0]
[lambda_l2: 0]
[linear_lambda: 0]
[min_gain_to_split: 0]
[drop_rate: 0.1]
[max_drop: 50]
[skip_drop: 0.5]
[xgboost_dart_mode: 0]
[uniform_drop: 0]
[drop_seed: 17869]
[top_rate: 0.2]
[other_rate: 0.1]
[min_data_per_group: 100]
[max_cat_threshold: 32]
[cat_l2: 10]
[cat_smooth: 10]
[max_cat_to_onehot: 4]
[top_k: 20]
[monotone_constraints: ]
[monotone_constraints_method: basic]
[monotone_penalty: 0]
[feature_contri: ]
[forcedsplits_filename: ]
[refit_decay_rate: 0.9]
[cegb_tradeoff: 1]
[cegb_penalty_split: 0]
[cegb_penalty_feature_lazy: ]
[cegb_penalty_feature_coupled: ]
[path_smooth: 0]
[interaction_constraints: ]
[verbosity: -1]
[saved_feature_importance_type: 0]
[use_quantized_grad: 0]
[num_grad_quant_bins: 4]
[quant_train_renew_leaf: 0]
[stochastic_rounding: 1]
[linear_tree: 0]
[max_bin: 255]
[max_bin_by_feature: ]
[min_data_in_bin: 3]
[bin_construct_sample_cnt: 200000]
[data_random_seed: 175]
[is_enable_sparse: 1]
[enable_bundle: 1]
[use_missing: 1]
[zero_as_missing: 0]
[feature_pre_filter: 1]
[pre_partition: 0]
[two_round: 0]
[header: 0]
[label_column: ]
[weight_column: ]
[group_column: ]
[ignore_column: ]
[categorical_feature: ]
[forcedbins_filename: ]
[precise_float_parser: 0]
[parser_config_file: ]
[objective_seed: 16083]
[num_class: 1]
[is_unbalance: 0]
[scale_pos_weight: 1]
[sigmoid: 1]
[boost_from_average: 1]
[reg_sqrt: 0]
[alpha: 0.9]
[fair_c: 1]
[poisson_max_delta_step: 0.7]
[tweedie_variance_power: 1.5]
[lambdarank_truncation_level: 30]
[lambdarank_norm: 1]
[label_gain: ]
[lambdarank_position_bias_regularization: 0]
[eval_at: ]
[multi_error_top_k: 1]
[auc_mu_weights: ]
[num_machines: 1]
[local_listen_port: 12400]
[time_out: 120]
[machine_list_filename: ]
[machines: ]
[gpu_platform_id: -1]
[gpu_device_id: -1]
[gpu_device_id_list: ]
[gpu_use_dp: 0]
[num_gpu: 1]

end of parameters

pandas_categorical:null
