tree
version=v4
num_class=1
num_tree_per_iteration=1
label_index=0
max_feature_idx=29
objective=regression
feature_names=ema20_gap ema50_gap rsi atr_pct return_10 volume_ratio funding_rate funding_z funding_carry_24h mark_basis taker_imbalance taker_imbalance_z trade_count_z avg_trade_size_z quote_volume_ratio oi_change_5m oi_change_1h oi_z oi_price_quadrant long_short_ratio_z smart_retail_gap global_long_short_ratio taker_buy_sell_ratio_z flow_delta_ratio flow_delta_z flow_trade_intensity_z flow_largest_trade_z liquidation_pressure liquidation_share liquidation_z
feature_infos=[-0.2009984379456814:0.5] [-0.2263240366291186:0.5] [0:100] [0.00010655786621006779:0.20000000000000001] [-0.5:0.5] [0.01891271652434337:50] [-0.00302761:0.00045252999999999998] [-5:4.7095213230094704] [-0.0066534300000000001:0.00065253000000000002] [-0.0092288942791222128:0.011938455205063425] [-0.99537210279124821:0.98444897227814443] [-4.2514282624521842:4.0705869310664031] [-2.5671822968890861:6.7736819240577688] [-4.117094052458846:6.3703668227742059] [0.017287482992453307:134.94858363304388] [-0.049767821427036507:0.094444832002344992] [-0.26142640274450402:0.1468638039889083] [-6.462816674302128:6.6058822582757895] [-1:1] [-6.7721551075630799:6.748675269239178] [-1.1781554499999998:1.8381203899999998] [0:5.7199348299999997] [-3.5272386275956404:6.7178637762213631] none none none none none none none
tree_sizes=1775 1777 1769 1778 1768 1779

Tree=0
num_leaves=15
num_cat=0
split_feature=1 3 8 13 11 2 12 14 5 2 14 10 12 4
split_gain=0.219647 0.472522 0.315695 0.280419 0.177497 0.246233 0.104394 0.0763436 0.111079 0.070578 0.0912783 0.0555958 0.0508119 0.0285764
threshold=0.036853252921032038 0.016966647208536797 9.9215000000000005e-05 3.8613454064409516 -0.80695738623171787 32.298136645962842 0.59473295373770874 0.86818859872823217 2.3875069402806495 10.000851208717068 2.5166503762799759 -0.12308272934373708 3.4568834832391269 0.036544555815073328
decision_type=2 2 2 2 2 2 2 2 2 2 2 2 2 2
left_child=-1 -2 3 6 -4 -6 13 8 11 10 -9 -8 -11 -3
right_child=1 2 4 -5 5 -7 7 9 -10 12 -12 -13 -14 -15
leaf_value=-6.5788570304323692e-05 -1.8568374981373808e-05 7.2072291117068667e-05 -0.00089069917327859471 0.0043294562326417086 0.0046789190532405059 0.0012627490555632906 0.0022326313186060518 0.0028945751514828006 0.0031507848361458529 0.00049547086612199706 0.00059194559857089725 0.00072405283783653635 -0.00045391173142789415 0.0012109782646597012
leaf_weight=878229.15609699488 4011.8726484179497 420.70480024814606 12.626250565052031 17.220618724822998 37.531908392906189 38.436190605163574 26.003856241703033 22.675923645496368 23.700469970703125 207.93040430545807 48.919569551944733 142.29958641529083 67.113413453102112 20.808514893054962
leaf_count=879762 2708 405 5 5 14 56 21 11 10 149 17 99 32 33
internal_value=-6.46488e-05 0.000131703 0.000686844 0.000534397 0.00240306 0.0029505 0.00046772 0.000748026 0.00122792 0.000482215 0.00132124 0.000957137 0.000263812 0.000125749
internal_weight=883327 5097.84 1085.97 997.377 88.5943 75.9681 980.157 538.643 192.004 346.639 71.5955 168.303 275.044 441.513
internal_count=883327 3565 857 782 75 70 777 339 130 209 28 120 181 438
is_linear=0
shrinkage=1


Tree=1
num_leaves=15
num_cat=0
split_feature=1 3 8 13 11 2 12 14 5 2 14 10 12 4
split_gain=0.206666 0.444596 0.297038 0.263846 0.167007 0.231681 0.0982242 0.0718316 0.104514 0.0664069 0.0858837 0.0523101 0.0478089 0.0268876
threshold=0.036853252921032038 0.016966647208536797 9.9215000000000005e-05 3.8613454064409516 -0.80695738623171787 32.298136645962842 0.59473295373770874 0.86818859872823217 2.3875069402806495 10.000851208717068 2.5166503762799759 -0.12308272934373708 3.4568834832391269 0.036544555815073328
decision_type=2 2 2 2 2 2 2 2 2 2 2 2 2 2
left_child=-1 -2 3 6 -4 -6 13 8 11 10 -9 -8 -11 -3
right_child=1 2 4 -5 5 -7 7 9 -10 12 -12 -13 -14 -15
leaf_value=-1.1055633630778197e-06 4.4698033084341241e-05 0.00013261945055843602 -0.0008012688793588023 0.004262281801881279 0.0046012605290348526 0.0012875759379581495 0.0022283616974637698 0.0028704470906402045 0.0031189704132204839 0.00054331608234669594 0.00063689659245733262 0.00076504060863037237 -0.00037758502901436464 0.0012373582421098381
leaf_weight=878229.15609699488 4011.8726484179497 420.70480024814606 12.626250565052031 17.220618724822998 37.531908392906189 38.436190605163574 26.003856241703033 22.675923645496368 23.700469970703125 207.93040430545807 48.919569551944733 142.29958641529083 67.113413453102112 20.808514893054962
leaf_count=879762 2708 405 5 5 14 56 21 11 10 149 17 99 32 33
internal_value=1.65016e-12 0.000190461 0.000728948 0.000581074 0.00239368 0.0029247 0.000516398 0.000788295 0.00125379 0.000530458 0.00134431 0.000991132 0.000318607 0.000184686
internal_weight=883327 5097.84 1085.97 997.377 88.5943 75.9681 980.157 538.643 192.004 346.639 71.5955 168.303 275.044 441.513
internal_count=883327 3565 857 782 75 70 777 339 130 209 28 120 181 438
is_linear=0
shrinkage=0.03


Tree=2
num_leaves=15
num_cat=0
split_feature=1 3 20 13 14 6 12 2 14 5 2 13 10 12
split_gain=0.194452 0.418321 0.280338 0.251047 0.0953129 0.0979732 0.0756967 0.0747855 0.0605008 0.100321 0.0627345 0.0840279 0.0559753 0.0518605
threshold=0.036853252921032038 0.016966647208536797 0.57723776500000035 3.8613454064409516 0.72408519097095103 1.1430000000000002e-05 0.6764041238985915 10.000851208717068 0.86818859872823217 2.3875069402806495 10.000851208717068 2.6833751074702534 -0.11528616574557603 3.4568834832391269
decision_type=2 2 2 2 2 2 2 2 2 2 2 2 2 2
left_child=-1 -2 3 6 5 -4 -3 -6 9 12 11 -10 -8 -12
right_child=1 2 4 -5 7 -7 8 -9 10 -11 13 -13 -14 -15
leaf_value=-1.0723982975140511e-06 4.3357083409470545e-05 0.00021030084830972587 0.0015333231048438565 0.0041344132496987686 0.0028976358768928135 0.0040571487405048753 0.0022693477021071195 0.0004910589371070706 0.00033070949580052303 0.0030254015389606878 0.00054288986645715642 0.002490657947586971 0.00063174403075411415 -0.00044182185138197529
leaf_weight=878229.15609699488 4011.8726484179497 473.90052437782288 23.915646553039551 17.220618724822998 16.83793830871582 32.867827296257019 22.5969477891922 37.512167096138 34.563803791999817 23.700469970703125 197.28818690776825 30.526122331619263 111.37196415662766 63.669289708137512
leaf_count=879762 2708 482 10 5 5 17 20 25 17 10 146 9 80 31
internal_value=-2.45617e-13 0.000184747 0.000707079 0.000544334 0.00213465 0.00299418 0.000479774 0.00123663 0.000743779 0.00122625 0.000510466 0.00134369 0.000907964 0.000302637
internal_weight=883327 5097.84 1085.97 974.838 111.134 56.7835 957.617 54.3501 483.717 157.669 326.047 65.0899 133.969 260.957
internal_count=883327 3565 857 800 57 27 795 30 313 110 203 26 100 177
is_linear=0
shrinkage=0.03


Tree=3
num_leaves=15
num_cat=0
split_feature=1 3 8 13 11 2 12 14 5 2 14 10 12 4
split_gain=0.18296 0.393598 0.265236 0.233662 0.152241 0.207098 0.0872163 0.0639697 0.0924128 0.0581038 0.0802911 0.0471253 0.0422457 0.0253054
threshold=0.036853252921032038 0.016966647208536797 9.9215000000000005e-05 3.8613454064409516 -0.80695738623171787 32.298136645962842 0.59473295373770874 0.86818859872823217 2.3875069402806495 10.000851208717068 2.5166503762799759 -0.12308272934373708 3.4568834832391269 0.036544555815073328
decision_type=2 2 2 2 2 2 2 2 2 2 2 2 2 2
left_child=-1 -2 3 6 -4 -6 13 8 11 10 -9 -8 -11 -3
right_child=1 2 4 -5 5 -7 7 9 -10 12 -12 -13 -14 -15
leaf_value=-1.0402247036816461e-06 4.2056377753873346e-05 0.0001221851202935684 -0.00079148267827141249 0.0040103809337199399 0.0043510845406985119 0.0012181285487447174 0.0021080917188307335 0.0027350449694553951 0.0029346395137491562 0.00051122555214211038 0.00057544109300671441 0.00071918175516110926 -0.00035443901116011473 0.0011939284690961724
leaf_weight=878229.15609699488 4011.8726484179497 420.70480024814606 12.626250565052031 17.220618724822998 37.531908392906189 38.436190605163574 26.003856241703033 22.675923645496368 23.700469970703125 207.93040430545807 48.919569551944733 142.29958641529083 67.113413453102112 20.808514893054962
leaf_count=879762 2708 405 5 5 14 56 21 11 10 149 17 99 32 33
internal_value=1.43102e-12 0.000179205 0.000685867 0.000546133 0.00225896 0.00276596 0.000485269 0.000741478 0.00118076 0.00049816 0.00125944 0.000933776 0.000299995 0.000172696
internal_weight=883327 5097.84 1085.97 997.377 88.5943 75.9681 980.157 538.643 192.004 346.639 71.5955 168.303 275.044 441.513
internal_count=883327 3565 857 782 75 70 777 339 130 209 28 120 181 438
is_linear=0
shrinkage=0.03


Tree=4
num_leaves=15
num_cat=0
split_feature=1 3 20 13 14 6 12 2 14 5 2 13 10 12
split_gain=0.172147 0.370336 0.251063 0.222367 0.0849845 0.0855376 0.0670083 0.0655984 0.0535004 0.0889363 0.0555463 0.078117 0.0504048 0.0460983
threshold=0.036853252921032038 0.016966647208536797 0.57723776500000035 3.8613454064409516 0.72408519097095103 1.1430000000000002e-05 0.6764041238985915 10.000851208717068 0.86818859872823217 2.3875069402806495 10.000851208717068 2.6833751074702534 -0.11528616574557603 3.4568834832391269
decision_type=2 2 2 2 2 2 2 2 2 2 2 2 2 2
left_child=-1 -2 3 6 5 -4 -3 -6 9 12 11 -10 -8 -12
right_child=1 2 4 -5 7 -7 8 -9 10 -11 13 -13 -14 -15
leaf_value=-1.0090193138225682e-06 4.0794679171557301e-05 0.00019698009237591573 0.0014628908152705029 0.0038900695428301098 0.0027239373302121598 0.0038211107182804008 0.002144795410312306 0.00047002225495590226 0.00028684343014460191 0.0028466001866708861 0.00051046175127043045 0.0023694359298795384 0.00059081231900751942 -0.00041793398473882759
leaf_weight=878229.15609699488 4011.8726484179497 473.90052437782288 23.915646553039551 17.220618724822998 16.83793830871582 32.867827296257019 22.5969477891922 37.512167096138 34.563803791999817 23.700469970703125 197.28818690776825 30.526122331619263 111.37196415662766 63.669289708137512
leaf_count=879762 2708 482 10 5 5 17 20 25 17 10 146 9 80 31
internal_value=5.23225e-15 0.000173828 0.000665291 0.000511277 0.00201626 0.00282789 0.000450517 0.0011683 0.000698909 0.00115261 0.000479509 0.00126355 0.000852927 0.000283949
internal_weight=883327 5097.84 1085.97 974.838 111.134 56.7835 957.617 54.3501 483.717 157.669 326.047 65.0899 133.969 260.957
internal_count=883327 3565 857 800 57 27 795 30 313 110 203 26 100 177
is_linear=0
shrinkage=0.03


Tree=5
num_leaves=15
num_cat=0
split_feature=1 3 8 13 11 2 12 14 5 2 14 10 12 4
split_gain=0.161973 0.348449 0.236864 0.206932 0.138858 0.185172 0.0774405 0.0569678 0.0817135 0.0508184 0.0750532 0.0424553 0.0373229 0.0238163
threshold=0.036853252921032038 0.016966647208536797 9.9215000000000005e-05 3.8613454064409516 -0.80695738623171787 32.298136645962842 0.59473295373770874 0.86818859872823217 2.3875069402806495 10.000851208717068 2.5166503762799759 -0.12308272934373708 3.4568834832391269 0.036544555815073328
decision_type=2 2 2 2 2 2 2 2 2 2 2 2 2 2
left_child=-1 -2 3 6 -4 -6 13 8 11 10 -9 -8 -11 -3
right_child=1 2 4 -5 5 -7 7 9 -10 12 -12 -13 -14 -15
leaf_value=-9.7874634959393584e-07 3.9570839439307991e-05 0.00011246919853767158 -0.00078137228511034192 0.003773367400213572 0.004114980119439348 0.0011525074484514794 0.0019943388812771736 0.0026064305775106177 0.0027612021120135286 0.00048103088595717922 0.00051845781927764925 0.00067604332351438583 -0.00033263490322034628 0.0011522012231678445
leaf_weight=878229.15609699488 4011.8726484179497 420.70480024814606 12.626250565052031 17.220618724822998 37.531908392906189 38.436190605163574 26.003856241703033 22.675923645496368 23.700469970703125 207.93040430545807 48.919569551944733 142.29958641529083 67.113413453102112 20.808514893054962
leaf_count=879762 2708 405 5 5 14 56 21 11 10 149 17 99 32 33
internal_value=2.37654e-12 0.000168614 0.000645332 0.000513284 0.00213191 0.00261611 0.000456006 0.000697429 0.00111197 0.000467814 0.00117977 0.000879728 0.000282488 0.000161472
internal_weight=883327 5097.84 1085.97 997.377 88.5943 75.9681 980.157 538.643 192.004 346.639 71.5955 168.303 275.044 441.513
internal_count=883327 3565 857 782 75 70 777 339 130 209 28 120 181 438
is_linear=0
shrinkage=0.03


end of trees

feature_importances:
rsi=12
trade_count_z=12
quote_volume_ratio=12
avg_trade_size_z=8
ema50_gap=6
atr_pct=6
volume_ratio=6
taker_imbalance=6
return_10=4
funding_carry_24h=4
taker_imbalance_z=4
funding_rate=2
smart_retail_gap=2

parameters:
[boosting: gbdt]
[objective: regression]
[metric: l2]
[tree_learner: serial]
[device_type: cpu]
[data_sample_strategy: bagging]
[data: ]
[valid: ]
[num_iterations: 150]
[learning_rate: 0.03]
[num_leaves: 15]
[num_threads: 2]
[seed: 42]
[deterministic: 1]
[force_col_wise: 1]
[force_row_wise: 0]
[histogram_pool_size: -1]
[max_depth: -1]
[min_data_in_leaf: 10]
[min_sum_hessian_in_leaf: 0.001]
[bagging_fraction: 1]
[pos_bagging_fraction: 1]
[neg_bagging_fraction: 1]
[bagging_freq: 0]
[bagging_seed: 400]
[bagging_by_query: 0]
[feature_fraction: 1]
[feature_fraction_bynode: 1]
[feature_fraction_seed: 30056]
[extra_trees: 0]
[extra_seed: 12879]
[early_stopping_round: 0]
[early_stopping_min_delta: 0]
[first_metric_only: 0]
[max_delta_step: 0]
[lambda_l1: 0]
[lambda_l2: 0]
[linear_lambda: 0]
[min_gain_to_split: 0]
[drop_rate: 0.1]
[max_drop: 50]
[skip_drop: 0.5]
[xgboost_dart_mode: 0]
[uniform_drop: 0]
[drop_seed: 17869]
[top_rate: 0.2]
[other_rate: 0.1]
[min_data_per_group: 100]
[max_cat_threshold: 32]
[cat_l2: 10]
[cat_smooth: 10]
[max_cat_to_onehot: 4]
[top_k: 20]
[monotone_constraints: ]
[monotone_constraints_method: basic]
[monotone_penalty: 0]
[feature_contri: ]
[forcedsplits_filename: ]
[refit_decay_rate: 0.9]
[cegb_tradeoff: 1]
[cegb_penalty_split: 0]
[cegb_penalty_feature_lazy: ]
[cegb_penalty_feature_coupled: ]
[path_smooth: 0]
[interaction_constraints: ]
[verbosity: -1]
[saved_feature_importance_type: 0]
[use_quantized_grad: 0]
[num_grad_quant_bins: 4]
[quant_train_renew_leaf: 0]
[stochastic_rounding: 1]
[linear_tree: 0]
[max_bin: 255]
[max_bin_by_feature: ]
[min_data_in_bin: 3]
[bin_construct_sample_cnt: 200000]
[data_random_seed: 175]
[is_enable_sparse: 1]
[enable_bundle: 1]
[use_missing: 1]
[zero_as_missing: 0]
[feature_pre_filter: 1]
[pre_partition: 0]
[two_round: 0]
[header: 0]
[label_column: ]
[weight_column: ]
[group_column: ]
[ignore_column: ]
[categorical_feature: ]
[forcedbins_filename: ]
[precise_float_parser: 0]
[parser_config_file: ]
[objective_seed: 16083]
[num_class: 1]
[is_unbalance: 0]
[scale_pos_weight: 1]
[sigmoid: 1]
[boost_from_average: 1]
[reg_sqrt: 0]
[alpha: 0.9]
[fair_c: 1]
[poisson_max_delta_step: 0.7]
[tweedie_variance_power: 1.5]
[lambdarank_truncation_level: 30]
[lambdarank_norm: 1]
[label_gain: ]
[lambdarank_position_bias_regularization: 0]
[eval_at: ]
[multi_error_top_k: 1]
[auc_mu_weights: ]
[num_machines: 1]
[local_listen_port: 12400]
[time_out: 120]
[machine_list_filename: ]
[machines: ]
[gpu_platform_id: -1]
[gpu_device_id: -1]
[gpu_device_id_list: ]
[gpu_use_dp: 0]
[num_gpu: 1]

end of parameters

pandas_categorical:null
