tree
version=v4
num_class=1
num_tree_per_iteration=1
label_index=0
max_feature_idx=29
objective=regression
feature_names=ema20_gap ema50_gap rsi atr_pct return_10 volume_ratio funding_rate funding_z funding_carry_24h mark_basis taker_imbalance taker_imbalance_z trade_count_z avg_trade_size_z quote_volume_ratio oi_change_5m oi_change_1h oi_z oi_price_quadrant long_short_ratio_z smart_retail_gap global_long_short_ratio taker_buy_sell_ratio_z flow_delta_ratio flow_delta_z flow_trade_intensity_z flow_largest_trade_z liquidation_pressure liquidation_share liquidation_z
feature_infos=[-0.13747069779319121:0.5] [-0.19215489883621184:0.5] [0:100] [0.00012432687204722779:0.20000000000000001] [-0.5:0.5] [0.024199647455135937:50] [-0.00302761:0.00045252999999999998] [-5:4.7095213230094704] [-0.0066534300000000001:0.00065253000000000002] [-0.012025160246885491:0.007731603231046158] [-0.94808630522916237:0.95663851876363637] [-3.9683235621513875:4.0705869310664031] [-2.6610101537639337:6.7738718886968723] [-4.117094052458846:6.5114249131099182] [0:126.74351168596664] [-0.12380171980532051:0.11647102522164765] [-0.26553934103946186:0.12962849626880368] [-6.5661036346402328:6.2632348334289194] [-1:1] [-6.6533894454982718:6.6835696271667828] [-1.1760931700000001:1.81206749] [0:5.7659907600000002] [-3.5272386275956404:6.7545818398396058] none none none none none none none
tree_sizes=1783 1776 1786 1780 1780

Tree=0
num_leaves=15
num_cat=0
split_feature=1 3 13 8 10 2 12 11 13 14 13 4 11 12
split_gain=0.346049 0.8593 0.458898 0.370001 0.210977 0.309809 0.0799365 0.093419 0.0935417 0.0774952 0.0784319 0.0729046 0.0549939 0.0541512
threshold=0.037747678892820054 0.016689387037805092 3.9105700750644079 9.941500000000001e-05 -0.23006457103442343 31.679270187075179 -0.010478296247032495 -1.145265937766111 3.0956670188100435 0.45449457093240092 0.7512640782744886 0.028209419509249826 1.0761346022922378 0.6530651126153425
decision_type=2 2 2 2 2 2 2 2 2 2 2 2 2 2
left_child=-1 -2 3 6 -5 -6 -3 -8 9 10 -9 12 13 -11
right_child=1 2 -4 4 5 -7 7 8 -10 11 -12 -13 -14 -15
leaf_value=-7.9581399634504819e-05 -4.1758358533549043e-05 8.1079907320356868e-05 0.0042109077971201146 -0.0011808487263144593 0.0046151301262484764 0.0013032736510882475 -1.5079465168481881e-05 0.0010967310054044506 0.002628349518257956 0.00018472682576157692 0.0031236480735630768 0.0021505337637923575 -0.00040346654196009464 0.00083606483791288651
leaf_weight=1097567.7211276889 4721.3086758852005 239.00244474411011 35.010138273239136 13.48483371734619 46.660549879074097 55.847092092037201 141.39995396137238 152.1648029088974 24.98203182220459 170.27572464942932 19.368563890457153 26.192441046237946 51.479212045669556 353.1023166179657
leaf_count=1099362 3201 237 11 4 17 79 82 127 8 165 13 44 42 226
internal_value=-7.83342e-05 0.000147926 0.000821802 0.000730104 0.00234675 0.0028108 0.000570916 0.000695598 0.000821594 0.000763171 0.0013256 0.00060266 0.000532133 0.000624159
internal_weight=1.10362e+06 6050.28 1328.97 1293.96 115.992 102.508 1177.97 938.965 797.565 772.583 171.533 601.05 574.857 523.378
internal_count=1103618 4256 1055 1044 100 96 944 707 625 617 140 477 433 391
is_linear=0
shrinkage=1


Tree=1
num_leaves=15
num_cat=0
split_feature=1 3 13 8 10 2 12 14 5 14 14 2 13 5
split_gain=0.325598 0.808515 0.431777 0.348134 0.198508 0.2915 0.0758051 0.122002 0.15952 0.119225 0.0686844 0.0584972 0.0875546 0.0675208
threshold=0.037747678892820054 0.016689387037805092 3.9105700750644079 9.941500000000001e-05 -0.23006457103442343 31.679270187075179 0.589634858425927 0.88368681112780056 2.4373397228597189 1.0000000180025095e-35 0.43540247041803121 10.25015634771753 2.7064858333605053 1.0050914544528622
decision_type=2 2 2 2 2 2 2 2 2 2 2 2 2 2
left_child=-1 -2 3 6 -5 -6 9 8 10 -3 -8 12 -9 -13
right_child=1 2 -4 4 5 -7 7 11 -10 -11 -12 13 -14 -15
leaf_value=-1.209827728440346e-06 3.5478526947885793e-05 0.0014702996854150799 0.0041605647628188977 -0.001069439127034592 0.0045526603379134256 0.0013401595668462417 0.0021335691745709251 0.00046971058952912314 0.0036570534740967158 0.00020267655218722124 0.00083581464932900174 0.0019993158361089158 0.0025311296896171898 0.00021533477524322259
leaf_weight=1097567.7211276889 4721.3086758852005 77.465763568878174 35.010138273239136 13.48483371734619 46.660549879074097 55.847092092037201 47.281390786170959 48.651413142681122 25.071784794330597 483.96997302770615 164.07212501764297 20.486129641532898 29.964169263839722 281.00474244356155
leaf_count=1099362 3201 65 11 4 17 79 34 23 11 481 123 31 9 167
internal_value=3.02278e-12 0.000219473 0.000873132 0.000784185 0.00235233 0.00280246 0.000629773 0.000859428 0.00139452 0.000377581 0.00112613 0.000526599 0.00125542 0.000336555
internal_weight=1.10362e+06 6050.28 1328.97 1293.96 115.992 102.508 1177.97 616.532 236.425 561.436 211.354 380.106 78.6156 301.491
internal_count=1103618 4256 1055 1044 100 96 944 398 168 546 157 230 32 198
is_linear=0
shrinkage=0.03


Tree=2
num_leaves=15
num_cat=0
split_feature=1 3 13 8 10 2 0 4 11 13 11 14 12 2
split_gain=0.306355 0.760732 0.406259 0.327559 0.186776 0.274272 0.071937 0.0881986 0.0693819 0.0869418 0.0589416 0.0535035 0.0826109 0.0481696
threshold=0.037747678892820054 0.016689387037805092 3.9105700750644079 9.941500000000001e-05 -0.23006457103442343 31.679270187075179 0.023299913168268963 0.036503771384959201 -1.145265937766111 3.0956670188100435 1.0761346022922378 0.43540247041803121 0.95535922306135479 30.817610062893134
decision_type=2 2 2 2 2 2 2 2 2 2 2 2 2 2
left_child=-1 -2 3 6 -5 -6 -3 8 -8 10 11 12 -10 -13
right_child=1 2 -4 4 5 -7 7 -9 9 -11 -12 13 -14 -15
leaf_value=-1.1735343899879396e-06 3.4414155416585254e-05 0.00021619207907340804 0.0040357477050936147 -0.0010373560341118339 0.0044160805418594646 0.0012999547467868681 0.00012657381605510855 0.0028251438620835716 0.00099573830883471553 0.0025704692205652112 -0.00031208377289866364 0.00050245618590620501 0.0028227899216519891 0.0011535700826765891
leaf_weight=1097567.7211276889 4721.3086758852005 307.21876579523087 35.010138273239136 13.48483371734619 46.660549879074097 55.847092092037201 152.60012722015381 18.053627967834473 112.12283933162689 24.98203182220459 42.585901200771332 347.75632578134537 27.79424786567688 144.85362470149994
leaf_count=1099362 3201 321 11 4 17 79 90 31 93 8 32 234 17 118
internal_value=1.36322e-12 0.000212889 0.000846938 0.00076066 0.00228176 0.00271839 0.000610879 0.000750134 0.000706201 0.000832542 0.000768232 0.000840966 0.00135868 0.000693918
internal_weight=1.10362e+06 6050.28 1328.97 1293.96 115.992 102.508 1177.97 870.749 852.695 700.095 675.113 632.527 139.917 492.61
internal_count=1103618 4256 1055 1044 100 96 944 623 592 502 494 462 110 352
is_linear=0
shrinkage=0.03


Tree=3
num_leaves=15
num_cat=0
split_feature=1 3 13 21 11 6 14 12 14 5 4 14 5 5
split_gain=0.288249 0.715773 0.382249 0.308489 0.231753 0.0846543 0.0730591 0.0893067 0.0963993 0.186185 0.0757504 0.0736434 0.0562368 0.0634464
threshold=0.037747678892820054 0.016689387037805092 3.9105700750644079 2.6928141950000004 -0.65395718739788433 9.997000000000002e-05 0.23922283964815297 0.6530651126153425 0.81531489291113435 2.4373397228597189 0.036503771384959201 0.43540247041803121 1.0050914544528622 8.0671128978325424
decision_type=2 2 2 2 2 2 2 2 2 2 2 2 2 2
left_child=-1 -2 3 6 -5 -6 -3 10 9 11 -8 -9 -10 -14
right_child=1 2 -4 4 5 -7 7 8 12 -11 -12 -13 13 -15
leaf_value=-1.138330060661545e-06 3.3381728479253894e-05 0.0014197408049580259 0.0039146754624949749 -0.00011868050505096754 0.0022565084281980538 0.0043678629470445141 0.00015706252801347918 0.002179629551686968 0.0016667383909337583 0.0040708809638527665 0.0015450901231054519 0.00069614811592571082 0.00024452786998719863 0.0013769585986283057
leaf_weight=1097567.7211276889 4721.3086758852005 92.406046688556671 35.010138273239136 24.161619663238525 34.60193920135498 33.772405505180359 487.02961081266403 38.756235837936401 35.31495076417923 20.182725667953491 38.158425807952881 135.10784739255905 302.24774867296219 52.220411360263824
leaf_count=1099362 3201 76 11 8 13 13 480 28 54 8 61 100 184 19
internal_value=-3.70999e-13 0.000206502 0.00082153 0.00073784 0.00240691 0.00329938 0.000609285 0.000541756 0.00079709 0.00134344 0.000257912 0.00102683 0.000525097 0.000411358
internal_weight=1.10362e+06 6050.28 1328.97 1293.96 92.536 68.3743 1201.42 1109.02 583.83 194.047 525.188 173.864 389.783 354.468
internal_count=1103618 4256 1055 1044 34 26 1010 934 393 136 541 128 257 203
is_linear=0
shrinkage=0.03


Tree=4
num_leaves=15
num_cat=0
split_feature=1 3 13 8 10 2 12 14 5 14 10 4 2 13
split_gain=0.271214 0.673471 0.359658 0.29304 0.168987 0.245672 0.0665322 0.110639 0.134651 0.100326 0.0653925 0.0538763 0.0511652 0.0795803
threshold=0.037747678892820054 0.016689387037805092 3.9105700750644079 9.941500000000001e-05 -0.23006457103442343 31.679270187075179 0.67495380238920621 0.88368681112780056 2.4373397228597189 1.0000000180025095e-35 -0.12446960585720822 0.036503771384959201 10.25015634771753 2.7064858333605053
decision_type=2 2 2 2 2 2 2 2 2 2 2 2 2 2
left_child=-1 -2 3 6 -5 -6 9 8 10 -3 -8 -11 13 -9
right_child=1 2 -4 4 5 -7 7 12 -10 11 -12 -13 -14 -15
leaf_value=-1.1041762287856651e-06 3.2380296074843033e-05 0.0013568322017428465 0.0037972349238690802 -0.0010026749356235377 0.0041764814789805966 0.0012272953639143294 0.0024586839125715913 0.00041714183093487917 0.003409235043899467 0.00012542571572368911 0.00084616360682630506 0.0014777750330150301 0.00030386180067834578 0.0023824445709176093
leaf_weight=1097567.7211276889 4721.3086758852005 77.465763568878174 35.010138273239136 13.48483371734619 46.660549879074097 55.847092092037201 26.277962565422058 48.651413142681122 25.071784794330597 487.65615016222 163.21849602460861 28.037565350532532 291.62418681383133 29.964169263839722
leaf_count=1099362 3201 65 11 4 17 79 22 23 11 471 112 44 187 9
internal_value=3.62748e-12 0.000200307 0.000796884 0.000715705 0.00215442 0.00256974 0.000574036 0.000801101 0.00134314 0.000350169 0.00106978 0.000198951 0.000486971 0.00116621
internal_weight=1.10362e+06 6050.28 1328.97 1293.96 115.992 102.508 1177.97 584.808 214.568 593.159 189.496 515.694 370.24 78.6156
internal_count=1103618 4256 1055 1044 100 96 944 364 145 580 134 515 219 32
is_linear=0
shrinkage=0.03


end of trees

feature_importances:
avg_trade_size_z=10
quote_volume_ratio=10
rsi=7
volume_ratio=6
trade_count_z=6
ema50_gap=5
atr_pct=5
taker_imbalance=5
taker_imbalance_z=5
return_10=4
funding_carry_24h=4
ema20_gap=1
funding_rate=1
global_long_short_ratio=1

parameters:
[boosting: gbdt]
[objective: regression]
[metric: l2]
[tree_learner: serial]
[device_type: cpu]
[data_sample_strategy: bagging]
[data: ]
[valid: ]
[num_iterations: 300]
[learning_rate: 0.03]
[num_leaves: 15]
[num_threads: 2]
[seed: 42]
[deterministic: 1]
[force_col_wise: 1]
[force_row_wise: 0]
[histogram_pool_size: -1]
[max_depth: -1]
[min_data_in_leaf: 10]
[min_sum_hessian_in_leaf: 0.001]
[bagging_fraction: 1]
[pos_bagging_fraction: 1]
[neg_bagging_fraction: 1]
[bagging_freq: 0]
[bagging_seed: 400]
[bagging_by_query: 0]
[feature_fraction: 1]
[feature_fraction_bynode: 1]
[feature_fraction_seed: 30056]
[extra_trees: 0]
[extra_seed: 12879]
[early_stopping_round: 0]
[early_stopping_min_delta: 0]
[first_metric_only: 0]
[max_delta_step: 0]
[lambda_l1: 0]
[lambda_l2: 0]
[linear_lambda: 0]
[min_gain_to_split: 0]
[drop_rate: 0.1]
[max_drop: 50]
[skip_drop: 0.5]
[xgboost_dart_mode: 0]
[uniform_drop: 0]
[drop_seed: 17869]
[top_rate: 0.2]
[other_rate: 0.1]
[min_data_per_group: 100]
[max_cat_threshold: 32]
[cat_l2: 10]
[cat_smooth: 10]
[max_cat_to_onehot: 4]
[top_k: 20]
[monotone_constraints: ]
[monotone_constraints_method: basic]
[monotone_penalty: 0]
[feature_contri: ]
[forcedsplits_filename: ]
[refit_decay_rate: 0.9]
[cegb_tradeoff: 1]
[cegb_penalty_split: 0]
[cegb_penalty_feature_lazy: ]
[cegb_penalty_feature_coupled: ]
[path_smooth: 0]
[interaction_constraints: ]
[verbosity: -1]
[saved_feature_importance_type: 0]
[use_quantized_grad: 0]
[num_grad_quant_bins: 4]
[quant_train_renew_leaf: 0]
[stochastic_rounding: 1]
[linear_tree: 0]
[max_bin: 255]
[max_bin_by_feature: ]
[min_data_in_bin: 3]
[bin_construct_sample_cnt: 200000]
[data_random_seed: 175]
[is_enable_sparse: 1]
[enable_bundle: 1]
[use_missing: 1]
[zero_as_missing: 0]
[feature_pre_filter: 1]
[pre_partition: 0]
[two_round: 0]
[header: 0]
[label_column: ]
[weight_column: ]
[group_column: ]
[ignore_column: ]
[categorical_feature: ]
[forcedbins_filename: ]
[precise_float_parser: 0]
[parser_config_file: ]
[objective_seed: 16083]
[num_class: 1]
[is_unbalance: 0]
[scale_pos_weight: 1]
[sigmoid: 1]
[boost_from_average: 1]
[reg_sqrt: 0]
[alpha: 0.9]
[fair_c: 1]
[poisson_max_delta_step: 0.7]
[tweedie_variance_power: 1.5]
[lambdarank_truncation_level: 30]
[lambdarank_norm: 1]
[label_gain: ]
[lambdarank_position_bias_regularization: 0]
[eval_at: ]
[multi_error_top_k: 1]
[auc_mu_weights: ]
[num_machines: 1]
[local_listen_port: 12400]
[time_out: 120]
[machine_list_filename: ]
[machines: ]
[gpu_platform_id: -1]
[gpu_device_id: -1]
[gpu_device_id_list: ]
[gpu_use_dp: 0]
[num_gpu: 1]

end of parameters

pandas_categorical:null
