tree
version=v4
num_class=1
num_tree_per_iteration=1
label_index=0
max_feature_idx=29
objective=regression
feature_names=ema20_gap ema50_gap rsi atr_pct return_10 volume_ratio funding_rate funding_z funding_carry_24h mark_basis taker_imbalance taker_imbalance_z trade_count_z avg_trade_size_z quote_volume_ratio oi_change_5m oi_change_1h oi_z oi_price_quadrant long_short_ratio_z smart_retail_gap global_long_short_ratio taker_buy_sell_ratio_z flow_delta_ratio flow_delta_z flow_trade_intensity_z flow_largest_trade_z liquidation_pressure liquidation_share liquidation_z
feature_infos=[-0.2009984379456814:0.5] [-0.2263240366291186:0.5] [0:100] [0.00010655786621006779:0.20000000000000001] [-0.5:0.5] [0.01891271652434337:50] [-0.00302761:0.00045252999999999998] [-5:4.7095213230094704] [-0.0066534300000000001:0.00065253000000000002] [-0.0092288942791222128:0.011938455205063425] [-0.99537210279124821:0.98444897227814443] [-4.2514282624521842:4.0705869310664031] [-2.5671822968890861:6.7736819240577688] [-4.117094052458846:6.4804022562753474] [0.017287482992453307:134.94858363304388] [-0.049767821427036507:0.094444832002344992] [-0.26142640274450402:0.1468638039889083] [-6.462816674302128:6.6058822582757895] [-1:1] [-6.7721551075630799:6.748675269239178] [-1.1781554499999998:1.8381203899999998] [0:5.7199348299999997] [-3.5272386275956404:6.7178637762213631] none none none none none none none
tree_sizes=1764 1768 1769 1768 1769 1769

Tree=0
num_leaves=15
num_cat=0
split_feature=1 3 8 13 11 2 12 14 5 2 14 10 12 4
split_gain=0.219622 0.472552 0.315715 0.280437 0.177508 0.246248 0.104401 0.0763484 0.111086 0.0705825 0.0912841 0.0555993 0.0508151 0.0285782
threshold=0.036853252921032038 0.016966647208536797 9.9215000000000005e-05 3.8678131796490889 -0.80694253722910381 32.293129428048523 0.59477251895577499 0.86816952255927071 2.3881451138731284 10.000851208717068 2.5168777041490427 -0.12306932692219906 3.4568834832391269 0.036544555815073328
decision_type=2 2 2 2 2 2 2 2 2 2 2 2 2 2
left_child=-1 -2 3 6 -4 -6 13 8 11 10 -9 -8 -11 -3
right_child=1 2 4 -5 5 -7 7 9 -10 12 -12 -13 -14 -15
leaf_value=-6.520365044866786e-05 -1.8001161974022945e-05 7.2639507688186609e-05 -0.00089013196377432852 0.0043300233438771122 0.004679485835047242 0.0012633162826712282 0.0022331984507366039 0.0028951421996234075 0.0031513518481499228 0.00049603807792013613 0.0005925128188860537 0.00072462003822726341 -0.00045334451185996457 0.0012115454737320255
leaf_weight=878331.83312708139 4012.1266242861748 420.73143553733826 12.6270495057106 17.221708297729492 37.534284234046936 38.438624382019043 26.005502641201019 22.677358627319336 23.701970219612122 207.94356691837311 48.922664761543274 142.3085954785347 67.117661237716675 20.809832274913788
leaf_count=879865 2708 405 5 5 14 56 21 11 10 149 17 99 32 33
internal_value=-6.40641e-05 0.00013227 0.000687411 0.000534964 0.00240363 0.00295107 0.000468288 0.000748594 0.00122848 0.000482783 0.00132181 0.000957704 0.000264379 0.000126316
internal_weight=883430 5098.17 1086.04 997.44 88.6 75.9729 980.219 538.677 192.016 346.661 71.6 168.314 275.061 441.541
internal_count=883430 3565 857 782 75 70 777 339 130 209 28 120 181 438
is_linear=0
shrinkage=1


Tree=1
num_leaves=15
num_cat=0
split_feature=1 3 8 13 11 2 12 14 5 2 14 10 12 4
split_gain=0.206642 0.444625 0.297057 0.263863 0.167018 0.231695 0.0982304 0.0718362 0.104521 0.0664111 0.0858892 0.0523134 0.0478119 0.0268893
threshold=0.036853252921032038 0.016966647208536797 9.9215000000000005e-05 3.8678131796490889 -0.80694253722910381 32.293129428048523 0.59477251895577499 0.86816952255927071 2.3881451138731284 10.000851208717068 2.5168777041490427 -0.12306932692219906 3.4568834832391269 0.036544555815073328
decision_type=2 2 2 2 2 2 2 2 2 2 2 2 2 2
left_child=-1 -2 3 6 -4 -6 13 8 11 10 -9 -8 -11 -3
right_child=1 2 4 -5 5 -7 7 9 -10 12 -12 -13 -14 -15
leaf_value=-1.1054040872561719e-06 4.4681006290248136e-05 0.00013260245256496725 -0.00080128584275247175 0.0042622647061429471 0.0046012435552509326 0.0012875589318520912 0.0022283446779886927 0.0028704300801187226 0.0031189534743009425 0.00054329908664089077 0.00063687957940962436 0.00076502356212547213 -0.00037760204658051722 0.0012373412412350767
leaf_weight=878331.83312708139 4012.1266242861748 420.73143553733826 12.6270495057106 17.221708297729492 37.534284234046936 38.438624382019043 26.005502641201019 22.677358627319336 23.701970219612122 207.94356691837311 48.922664761543274 142.3085954785347 67.117661237716675 20.809832274913788
leaf_count=879865 2708 405 5 5 14 56 21 11 10 149 17 99 32 33
internal_value=2.85051e-12 0.000190444 0.000728931 0.000581057 0.00239366 0.00292468 0.000516381 0.000788278 0.00125377 0.000530441 0.0013443 0.000991115 0.00031859 0.000184669
internal_weight=883430 5098.17 1086.04 997.44 88.6 75.9729 980.219 538.677 192.016 346.661 71.6 168.314 275.061 441.541
internal_count=883430 3565 857 782 75 70 777 339 130 209 28 120 181 438
is_linear=0
shrinkage=0.03


Tree=2
num_leaves=15
num_cat=0
split_feature=1 3 20 13 14 6 12 2 14 5 2 13 10 12
split_gain=0.194429 0.418347 0.280356 0.251063 0.0953189 0.0979794 0.0757015 0.0747903 0.0605046 0.100327 0.0627385 0.0840332 0.0559789 0.0518638
threshold=0.036853252921032038 0.016966647208536797 0.57722918500000031 3.8678131796490889 0.7240658093435266 1.1430000000000002e-05 0.6764041238985915 10.000851208717068 0.86816952255927071 2.3881451138731284 10.000851208717068 2.6836574759759215 -0.11526034625294111 3.4568834832391269
decision_type=2 2 2 2 2 2 2 2 2 2 2 2 2 2
left_child=-1 -2 3 6 5 -4 -3 -6 9 12 11 -10 -8 -12
right_child=1 2 4 -5 7 -7 8 -9 10 -11 13 -13 -14 -15
leaf_value=-1.0722408680028385e-06 4.3340572914445677e-05 0.00021028436991409367 0.0015333065975057399 0.0041343968719041195 0.0028976193942124853 0.0040571321709456471 0.0022693311551172926 0.00049104245679663916 0.00033069296446045361 0.0030253849318995205 0.00054287334307456196 0.0024906413789967936 0.00063172751359531732 -0.0004418383058278323
leaf_weight=878331.83312708139 4012.1266242861748 473.93052762746811 23.917160749435425 17.221708297729492 16.839003562927246 32.869908332824707 22.598378419876099 37.514541268348694 34.565991044044495 23.701970219612122 197.30067616701126 30.528053760528564 111.37901508808136 63.673319578170776
leaf_count=879865 2708 482 10 5 5 17 20 25 17 10 146 9 80 31
internal_value=3.85248e-12 0.00018473 0.000707063 0.000544317 0.00213463 0.00299417 0.000479758 0.00123661 0.000743762 0.00122624 0.000510449 0.00134367 0.000907947 0.00030262
internal_weight=883430 5098.17 1086.04 974.9 111.141 56.7871 957.678 54.3535 483.747 157.679 326.068 65.094 133.977 260.974
internal_count=883430 3565 857 800 57 27 795 30 313 110 203 26 100 177
is_linear=0
shrinkage=0.03


Tree=3
num_leaves=15
num_cat=0
split_feature=1 3 8 13 11 2 12 14 5 2 14 10 12 4
split_gain=0.182939 0.393623 0.265253 0.233677 0.152251 0.207111 0.0872218 0.0639738 0.0924186 0.0581075 0.0802962 0.0471283 0.0422483 0.025307
threshold=0.036853252921032038 0.016966647208536797 9.9215000000000005e-05 3.8678131796490889 -0.80694253722910381 32.293129428048523 0.59477251895577499 0.86816952255927071 2.3881451138731284 10.000851208717068 2.5168777041490427 -0.12306932692219906 3.4568834832391269 0.036544555815073328
decision_type=2 2 2 2 2 2 2 2 2 2 2 2 2 2
left_child=-1 -2 3 6 -4 -6 13 8 11 10 -9 -8 -11 -3
right_child=1 2 4 -5 5 -7 7 9 -10 12 -12 -13 -14 -15
leaf_value=-1.0400801153556515e-06 4.2040356799135753e-05 0.00012216910792101844 -0.00079149877697756331 0.0040103649013720584 0.004351068526887489 0.0012181125351413181 0.0021080757633740108 0.0027350289079253274 0.0029346234228455961 0.00051120953304376363 0.00057542509613495673 0.00071916574411834075 -0.00035445503214784455 0.0011939124633806629
leaf_weight=878331.83312708139 4012.1266242861748 420.73143553733826 12.6270495057106 17.221708297729492 37.534284234046936 38.438624382019043 26.005502641201019 22.677358627319336 23.701970219612122 207.94356691837311 48.922664761543274 142.3085954785347 67.117661237716675 20.809832274913788
leaf_count=879865 2708 405 5 5 14 56 21 11 10 149 17 99 32 33
internal_value=-2.70397e-12 0.000179189 0.000685851 0.000546117 0.00225895 0.00276594 0.000485253 0.000741462 0.00118074 0.000498144 0.00125942 0.00093376 0.000299979 0.00017268
internal_weight=883430 5098.17 1086.04 997.44 88.6 75.9729 980.219 538.677 192.016 346.661 71.6 168.314 275.061 441.541
internal_count=883430 3565 857 782 75 70 777 339 130 209 28 120 181 438
is_linear=0
shrinkage=0.03


Tree=4
num_leaves=15
num_cat=0
split_feature=1 3 20 13 14 6 12 2 14 5 2 13 10 12
split_gain=0.172127 0.37036 0.251079 0.222381 0.0849898 0.085543 0.0670126 0.0656026 0.0535038 0.0889419 0.0555498 0.0781219 0.050408 0.0461012
threshold=0.036853252921032038 0.016966647208536797 0.57722918500000031 3.8678131796490889 0.7240658093435266 1.1430000000000002e-05 0.6764041238985915 10.000851208717068 0.86816952255927071 2.3881451138731284 10.000851208717068 2.6836574759759215 -0.11526034625294111 3.4568834832391269
decision_type=2 2 2 2 2 2 2 2 2 2 2 2 2 2
left_child=-1 -2 3 6 5 -4 -3 -6 9 12 11 -10 -8 -12
right_child=1 2 4 -5 7 -7 8 -9 10 -11 13 -13 -14 -15
leaf_value=-1.0088729134719381e-06 4.0779158182750702e-05 0.00019696455962615325 0.0014628752998292601 0.0038900539320073295 0.0027239219203742432 0.0038210950844668528 0.0021447798101398379 0.00047000672773836179 0.00028682791626373754 0.0028465847980879136 0.00051044622135051909 0.0023694204045411347 0.00059079677315140009 -0.00041794950496713146
leaf_weight=878331.83312708139 4012.1266242861748 473.93052762746811 23.917160749435425 17.221708297729492 16.839003562927246 32.869908332824707 22.598378419876099 37.514541268348694 34.565991044044495 23.701970219612122 197.30067616701126 30.528053760528564 111.37901508808136 63.673319578170776
leaf_count=879865 2708 482 10 5 5 17 20 25 17 10 146 9 80 31
internal_value=2.19892e-12 0.000173813 0.000665276 0.000511262 0.00201625 0.00282788 0.000450502 0.00116828 0.000698894 0.0011526 0.000479493 0.00126353 0.000852912 0.000283933
internal_weight=883430 5098.17 1086.04 974.9 111.141 56.7871 957.678 54.3535 483.747 157.679 326.068 65.094 133.977 260.974
internal_count=883430 3565 857 800 57 27 795 30 313 110 203 26 100 177
is_linear=0
shrinkage=0.03


Tree=5
num_leaves=15
num_cat=0
split_feature=1 3 8 13 11 2 12 14 5 2 14 10 12 4
split_gain=0.161954 0.348472 0.236879 0.206945 0.138867 0.185184 0.0774454 0.0569714 0.0817187 0.0508216 0.0750579 0.0424579 0.0373252 0.0238179
threshold=0.036853252921032038 0.016966647208536797 9.9215000000000005e-05 3.8678131796490889 -0.80694253722910381 32.293129428048523 0.59477251895577499 0.86816952255927071 2.3881451138731284 10.000851208717068 2.5168777041490427 -0.12306932692219906 3.4568834832391269 0.036544555815073328
decision_type=2 2 2 2 2 2 2 2 2 2 2 2 2 2
left_child=-1 -2 3 6 -4 -6 13 8 11 10 -9 -8 -11 -3
right_child=1 2 4 -5 5 -7 7 9 -10 12 -12 -13 -14 -15
leaf_value=-9.7861232237480896e-07 3.9555777436855523e-05 0.00011245411953627399 -0.00078138737396655058 0.0037733521902291859 0.0041149651038838017 0.001152492360839338 0.0019943237986293477 0.0026064154121566534 0.0027611870550068979 0.00048101580083672327 0.00051844275049201481 0.00067602824536192811 -0.00033264994510666737 0.0011521861548863636
leaf_weight=878331.83312708139 4012.1266242861748 420.73143553733826 12.6270495057106 17.221708297729492 37.534284234046936 38.438624382019043 26.005502641201019 22.677358627319336 23.701970219612122 207.94356691837311 48.922664761543274 142.3085954785347 67.117661237716675 20.809832274913788
leaf_count=879865 2708 405 5 5 14 56 21 11 10 149 17 99 32 33
internal_value=-3.47484e-12 0.000168598 0.000645317 0.000513268 0.0021319 0.0026161 0.000455991 0.000697414 0.00111196 0.000467799 0.00117975 0.000879713 0.000282473 0.000161457
internal_weight=883430 5098.17 1086.04 997.44 88.6 75.9729 980.219 538.677 192.016 346.661 71.6 168.314 275.061 441.541
internal_count=883430 3565 857 782 75 70 777 339 130 209 28 120 181 438
is_linear=0
shrinkage=0.03


end of trees

feature_importances:
rsi=12
trade_count_z=12
quote_volume_ratio=12
avg_trade_size_z=8
ema50_gap=6
atr_pct=6
volume_ratio=6
taker_imbalance=6
return_10=4
funding_carry_24h=4
taker_imbalance_z=4
funding_rate=2
smart_retail_gap=2

parameters:
[boosting: gbdt]
[objective: regression]
[metric: l2]
[tree_learner: serial]
[device_type: cpu]
[data_sample_strategy: bagging]
[data: ]
[valid: ]
[num_iterations: 150]
[learning_rate: 0.03]
[num_leaves: 15]
[num_threads: 2]
[seed: 42]
[deterministic: 1]
[force_col_wise: 1]
[force_row_wise: 0]
[histogram_pool_size: -1]
[max_depth: -1]
[min_data_in_leaf: 10]
[min_sum_hessian_in_leaf: 0.001]
[bagging_fraction: 1]
[pos_bagging_fraction: 1]
[neg_bagging_fraction: 1]
[bagging_freq: 0]
[bagging_seed: 400]
[bagging_by_query: 0]
[feature_fraction: 1]
[feature_fraction_bynode: 1]
[feature_fraction_seed: 30056]
[extra_trees: 0]
[extra_seed: 12879]
[early_stopping_round: 0]
[early_stopping_min_delta: 0]
[first_metric_only: 0]
[max_delta_step: 0]
[lambda_l1: 0]
[lambda_l2: 0]
[linear_lambda: 0]
[min_gain_to_split: 0]
[drop_rate: 0.1]
[max_drop: 50]
[skip_drop: 0.5]
[xgboost_dart_mode: 0]
[uniform_drop: 0]
[drop_seed: 17869]
[top_rate: 0.2]
[other_rate: 0.1]
[min_data_per_group: 100]
[max_cat_threshold: 32]
[cat_l2: 10]
[cat_smooth: 10]
[max_cat_to_onehot: 4]
[top_k: 20]
[monotone_constraints: ]
[monotone_constraints_method: basic]
[monotone_penalty: 0]
[feature_contri: ]
[forcedsplits_filename: ]
[refit_decay_rate: 0.9]
[cegb_tradeoff: 1]
[cegb_penalty_split: 0]
[cegb_penalty_feature_lazy: ]
[cegb_penalty_feature_coupled: ]
[path_smooth: 0]
[interaction_constraints: ]
[verbosity: -1]
[saved_feature_importance_type: 0]
[use_quantized_grad: 0]
[num_grad_quant_bins: 4]
[quant_train_renew_leaf: 0]
[stochastic_rounding: 1]
[linear_tree: 0]
[max_bin: 255]
[max_bin_by_feature: ]
[min_data_in_bin: 3]
[bin_construct_sample_cnt: 200000]
[data_random_seed: 175]
[is_enable_sparse: 1]
[enable_bundle: 1]
[use_missing: 1]
[zero_as_missing: 0]
[feature_pre_filter: 1]
[pre_partition: 0]
[two_round: 0]
[header: 0]
[label_column: ]
[weight_column: ]
[group_column: ]
[ignore_column: ]
[categorical_feature: ]
[forcedbins_filename: ]
[precise_float_parser: 0]
[parser_config_file: ]
[objective_seed: 16083]
[num_class: 1]
[is_unbalance: 0]
[scale_pos_weight: 1]
[sigmoid: 1]
[boost_from_average: 1]
[reg_sqrt: 0]
[alpha: 0.9]
[fair_c: 1]
[poisson_max_delta_step: 0.7]
[tweedie_variance_power: 1.5]
[lambdarank_truncation_level: 30]
[lambdarank_norm: 1]
[label_gain: ]
[lambdarank_position_bias_regularization: 0]
[eval_at: ]
[multi_error_top_k: 1]
[auc_mu_weights: ]
[num_machines: 1]
[local_listen_port: 12400]
[time_out: 120]
[machine_list_filename: ]
[machines: ]
[gpu_platform_id: -1]
[gpu_device_id: -1]
[gpu_device_id_list: ]
[gpu_use_dp: 0]
[num_gpu: 1]

end of parameters

pandas_categorical:null
