tree
version=v4
num_class=1
num_tree_per_iteration=1
label_index=0
max_feature_idx=29
objective=regression
feature_names=ema20_gap ema50_gap rsi atr_pct return_10 volume_ratio funding_rate funding_z funding_carry_24h mark_basis taker_imbalance taker_imbalance_z trade_count_z avg_trade_size_z quote_volume_ratio oi_change_5m oi_change_1h oi_z oi_price_quadrant long_short_ratio_z smart_retail_gap global_long_short_ratio taker_buy_sell_ratio_z flow_delta_ratio flow_delta_z flow_trade_intensity_z flow_largest_trade_z liquidation_pressure liquidation_share liquidation_z
feature_infos=[-0.2009984379456814:0.5] [-0.2263240366291186:0.5] [0:100] [0.00010655786621006779:0.20000000000000001] [-0.5:0.5] [0.01891271652434337:50] [-0.00302761:0.00045252999999999998] [-5:4.7095213230094704] [-0.0066534300000000001:0.00065253000000000002] [-0.0092288942791222128:0.011938455205063425] [-0.99537210279124821:0.98444897227814443] [-4.2514282624521842:4.0705869310664031] [-2.5671822968890861:6.7736819240577688] [-4.117094052458846:6.4804022562753474] [0.017287482992453307:134.94858363304388] [-0.049767821427036507:0.094444832002344992] [-0.26142640274450402:0.1468638039889083] [-6.462816674302128:6.6058822582757895] [-1:1] [-6.7721551075630799:6.748675269239178] [-1.1781554499999998:1.8381203899999998] [0:5.7199348299999997] [-3.5272386275956404:6.7178637762213631] none none none none none none none
tree_sizes=1764 1774 1769 1775 1770 1771

Tree=0
num_leaves=15
num_cat=0
split_feature=1 3 8 13 11 2 12 14 5 2 14 10 12 4
split_gain=0.219643 0.472529 0.3157 0.280423 0.1775 0.246236 0.104395 0.0763446 0.11108 0.070579 0.0912796 0.0555966 0.0508126 0.0285768
threshold=0.036853252921032038 0.016966647208536797 9.9215000000000005e-05 3.8678131796490889 -0.80695738623171787 32.292639031301455 0.59481880659689434 0.86812543673569731 2.3881451138731284 10.000851208717068 2.5169835791664603 -0.12308832404898733 3.4568834832391269 0.036544555815073328
decision_type=2 2 2 2 2 2 2 2 2 2 2 2 2 2
left_child=-1 -2 3 6 -4 -6 13 8 11 10 -9 -8 -11 -3
right_child=1 2 4 -5 5 -7 7 9 -10 12 -12 -13 -14 -15
leaf_value=-6.5690801516421528e-05 -1.847376496089233e-05 7.2166909161013523e-05 -0.00089060456847680266 0.0043295506679994142 0.0046790133795849885 0.0012628436653644094 0.0022327258522397684 0.0028946695885140126 0.003150879333734178 0.00049556547944002393 0.00059204021931982256 0.00072414744617984922 -0.00045381710947141871 0.0012110728735490017
leaf_weight=878409.08250427246 4011.93040984869 420.71085911989212 12.626432359218596 17.220866680145264 37.532449245452881 38.436744630336761 26.004230916500092 22.676250100135803 23.700811505317688 207.93339765071869 48.920273184776306 142.30163586139679 67.11437976360321 20.808814764022827
leaf_count=879942 2708 405 5 5 14 56 21 11 10 149 17 99 32 33
internal_value=-6.45513e-05 0.000131797 0.000686938 0.000534491 0.00240316 0.0029506 0.000467815 0.000748121 0.00122801 0.00048231 0.00132134 0.000957232 0.000263907 0.000125844
internal_weight=883507 5097.92 1085.99 997.392 88.5956 75.9692 980.171 538.651 192.007 346.644 71.5965 168.306 275.048 441.52
internal_count=883507 3565 857 782 75 70 777 339 130 209 28 120 181 438
is_linear=0
shrinkage=1


Tree=1
num_leaves=15
num_cat=0
split_feature=1 3 8 13 11 2 12 14 5 2 14 10 12 4
split_gain=0.206663 0.444603 0.297042 0.26385 0.167009 0.231684 0.0982256 0.0718327 0.104516 0.0664078 0.085885 0.0523108 0.0478096 0.0268879
threshold=0.036853252921032038 0.016966647208536797 9.9215000000000005e-05 3.8678131796490889 -0.80695738623171787 32.292639031301455 0.59481880659689434 0.86812543673569731 2.3881451138731284 10.000851208717068 2.5169835791664603 -0.12308832404898733 3.4568834832391269 0.036544555815073328
decision_type=2 2 2 2 2 2 2 2 2 2 2 2 2 2
left_child=-1 -2 3 6 -4 -6 13 8 11 10 -9 -8 -11 -3
right_child=1 2 4 -5 5 -7 7 9 -10 12 -12 -13 -14 -15
leaf_value=-1.1053374593414344e-06 4.4695184957216438e-05 0.00013261664624473002 -0.00080127168581166841 0.0042622789945389377 0.0046012578501960283 0.0012875730890666169 0.0022283588186652321 0.0028704442911966681 0.0031189677097728232 0.00054331324832079255 0.00063689373346242017 0.00076503774254344263 -0.00037758785506097437 0.0012373554129811433
leaf_weight=878409.08250427246 4011.93040984869 420.71085911989212 12.626432359218596 17.220866680145264 37.532449245452881 38.436744630336761 26.004230916500092 22.676250100135803 23.700811505317688 207.93339765071869 48.920273184776306 142.30163586139679 67.11437976360321 20.808814764022827
leaf_count=879942 2708 405 5 5 14 56 21 11 10 149 17 99 32 33
internal_value=5.31613e-13 0.000190458 0.000728945 0.000581071 0.00239368 0.00292469 0.000516395 0.000788292 0.00125378 0.000530455 0.00134431 0.000991129 0.000318604 0.000184683
internal_weight=883507 5097.92 1085.99 997.392 88.5956 75.9692 980.171 538.651 192.007 346.644 71.5965 168.306 275.048 441.52
internal_count=883507 3565 857 782 75 70 777 339 130 209 28 120 181 438
is_linear=0
shrinkage=0.03


Tree=2
num_leaves=15
num_cat=0
split_feature=1 3 20 13 14 6 12 2 14 5 2 13 10 12
split_gain=0.194449 0.418327 0.280342 0.251051 0.0953143 0.0979746 0.0756978 0.0747866 0.0605016 0.100323 0.0627354 0.0840291 0.0559761 0.0518613
threshold=0.036853252921032038 0.016966647208536797 0.57719912000000007 3.8678131796490889 0.72405032000758485 1.1430000000000002e-05 0.6764460938259188 10.000851208717068 0.86812543673569731 2.3881451138731284 10.000851208717068 2.6837685920530254 -0.11529410650415882 3.4568834832391269
decision_type=2 2 2 2 2 2 2 2 2 2 2 2 2 2
left_child=-1 -2 3 6 5 -4 -3 -6 9 12 11 -10 -8 -12
right_child=1 2 4 -5 7 -7 8 -9 10 -11 13 -13 -14 -15
leaf_value=-1.0721738040261218e-06 4.3354320370129939e-05 0.00021029811844829429 0.001533320324449563 0.004134410544230166 0.0028976332184925536 0.0040571460799081619 0.0022693448894327002 0.00049105621308478411 0.00033070675533836304 0.00302539874625756 0.00054288708858963143 0.0024906551703178315 0.00063174125917805457 -0.00044182456351434061
leaf_weight=878409.08250427246 4011.93040984869 473.90734964609146 23.915991306304932 17.220866680145264 16.838180541992188 32.868301033973694 22.597273349761963 37.51270717382431 34.564301013946533 23.700811505317688 197.29102724790573 30.526561737060547 111.37356811761856 63.670206427574158
leaf_count=879942 2708 482 10 5 5 17 20 25 17 10 146 9 80 31
internal_value=3.99119e-12 0.000184744 0.000707077 0.000544331 0.00213464 0.00299418 0.000479771 0.00123663 0.000743776 0.00122625 0.000510463 0.00134369 0.000907961 0.000302634
internal_weight=883507 5097.92 1085.99 974.852 111.135 56.7843 957.631 54.3509 483.724 157.672 326.052 65.0909 133.971 260.961
internal_count=883507 3565 857 800 57 27 795 30 313 110 203 26 100 177
is_linear=0
shrinkage=0.03


Tree=3
num_leaves=15
num_cat=0
split_feature=1 3 8 13 11 2 12 14 5 2 14 10 12 4
split_gain=0.182957 0.393604 0.26524 0.233665 0.152244 0.207101 0.0872175 0.0639706 0.0924141 0.0581047 0.0802923 0.047126 0.0422463 0.0253058
threshold=0.036853252921032038 0.016966647208536797 9.9215000000000005e-05 3.8678131796490889 -0.80695738623171787 32.292639031301455 0.59481880659689434 0.86812543673569731 2.3881451138731284 10.000851208717068 2.5169835791664603 -0.12308832404898733 3.4568834832391269 0.036544555815073328
decision_type=2 2 2 2 2 2 2 2 2 2 2 2 2 2
left_child=-1 -2 3 6 -4 -6 13 8 11 10 -9 -8 -11 -3
right_child=1 2 4 -5 5 -7 7 9 -10 12 -12 -13 -14 -15
leaf_value=-1.0400134015227062e-06 4.2053710289701241e-05 0.00012218244311592108 -0.00079148538913284777 0.0040103780931765457 0.0043510819056858845 0.001218125873895893 0.0021080891168910507 0.0027350422666704089 0.0029346368066304599 0.00051122287393161954 0.00057543841233273941 0.00071917907435659664 -0.00035444169712984467 0.0011939258391018082
leaf_weight=878409.08250427246 4011.93040984869 420.71085911989212 12.626432359218596 17.220866680145264 37.532449245452881 38.436744630336761 26.004230916500092 22.676250100135803 23.700811505317688 207.93339765071869 48.920273184776306 142.30163586139679 67.11437976360321 20.808814764022827
leaf_count=879942 2708 405 5 5 14 56 21 11 10 149 17 99 32 33
internal_value=-8.40665e-13 0.000179202 0.000685864 0.000546131 0.00225896 0.00276596 0.000485266 0.000741475 0.00118076 0.000498157 0.00125943 0.000933774 0.000299992 0.000172694
internal_weight=883507 5097.92 1085.99 997.392 88.5956 75.9692 980.171 538.651 192.007 346.644 71.5965 168.306 275.048 441.52
internal_count=883507 3565 857 782 75 70 777 339 130 209 28 120 181 438
is_linear=0
shrinkage=0.03


Tree=4
num_leaves=15
num_cat=0
split_feature=1 3 20 13 14 6 12 2 14 5 2 13 10 12
split_gain=0.172144 0.370342 0.251066 0.22237 0.0849857 0.0855389 0.0670093 0.0655994 0.0535012 0.0889375 0.0555471 0.0781181 0.0504055 0.046099
threshold=0.036853252921032038 0.016966647208536797 0.57719912000000007 3.8678131796490889 0.72405032000758485 1.1430000000000002e-05 0.6764460938259188 10.000851208717068 0.86812543673569731 2.3881451138731284 10.000851208717068 2.6837685920530254 -0.11529410650415882 3.4568834832391269
decision_type=2 2 2 2 2 2 2 2 2 2 2 2 2 2
left_child=-1 -2 3 6 5 -4 -3 -6 9 12 11 -10 -8 -12
right_child=1 2 4 -5 7 -7 8 -9 10 -11 13 -13 -14 -15
leaf_value=-1.0088067237224411e-06 4.079208416487714e-05 0.00019697751662833065 0.0014628882557652886 0.003890067006855227 0.0027239349405251282 0.0038211080357505121 0.0021447927472880799 0.00047001963035446401 0.00028684084639591989 0.0028465975869809718 0.00051045915014158623 0.0023694333379049044 0.00059080972958926072 -0.00041793659321204848
leaf_weight=878409.08250427246 4011.93040984869 473.90734964609146 23.915991306304932 17.220866680145264 16.838180541992188 32.868301033973694 22.597273349761963 37.51270717382431 34.564301013946533 23.700811505317688 197.29102724790573 30.526561737060547 111.37356811761856 63.670206427574158
leaf_count=879942 2708 482 10 5 5 17 20 25 17 10 146 9 80 31
internal_value=5.36206e-12 0.000173826 0.000665288 0.000511275 0.00201626 0.00282789 0.000450515 0.00116829 0.000698907 0.00115261 0.000479506 0.00126354 0.000852925 0.000283946
internal_weight=883507 5097.92 1085.99 974.852 111.135 56.7843 957.631 54.3509 483.724 157.672 326.052 65.0909 133.971 260.961
internal_count=883507 3565 857 800 57 27 795 30 313 110 203 26 100 177
is_linear=0
shrinkage=0.03


Tree=5
num_leaves=15
num_cat=0
split_feature=1 3 8 13 11 2 12 14 5 2 14 10 12 4
split_gain=0.16197 0.348455 0.236867 0.206935 0.13886 0.185175 0.0774416 0.0569686 0.0817147 0.0508192 0.0750542 0.0424559 0.0373234 0.0238167
threshold=0.036853252921032038 0.016966647208536797 9.9215000000000005e-05 3.8678131796490889 -0.80695738623171787 32.292639031301455 0.59481880659689434 0.86812543673569731 2.3881451138731284 10.000851208717068 2.5169835791664603 -0.12308832404898733 3.4568834832391269 0.036544555815073328
decision_type=2 2 2 2 2 2 2 2 2 2 2 2 2 2
left_child=-1 -2 3 6 -4 -6 13 8 11 10 -9 -8 -11 -3
right_child=1 2 4 -5 5 -7 7 9 -10 12 -12 -13 -14 -15
leaf_value=-9.7854728312139605e-07 3.9568325274399237e-05 0.00011246670004553946 -0.00078137483506846407 0.0037733650389625848 0.0041149776113328443 0.0011525049010856275 0.00199433634256433 0.0026064279184839032 0.0027611997927052554 0.00048102836306897223 0.00051845531561971138 0.0006760408106431219 -0.00033263740023516548 0.0011521987142335381
leaf_weight=878409.08250427246 4011.93040984869 420.71085911989212 12.626432359218596 17.220866680145264 37.532449245452881 38.436744630336761 26.004230916500092 22.676250100135803 23.700811505317688 207.93339765071869 48.920273184776306 142.30163586139679 67.11437976360321 20.808814764022827
leaf_count=879942 2708 405 5 5 14 56 21 11 10 149 17 99 32 33
internal_value=4.87321e-13 0.000168611 0.00064533 0.000513281 0.00213191 0.00261611 0.000456004 0.000697427 0.00111197 0.000467811 0.00117976 0.000879725 0.000282486 0.000161469
internal_weight=883507 5097.92 1085.99 997.392 88.5956 75.9692 980.171 538.651 192.007 346.644 71.5965 168.306 275.048 441.52
internal_count=883507 3565 857 782 75 70 777 339 130 209 28 120 181 438
is_linear=0
shrinkage=0.03


end of trees

feature_importances:
rsi=12
trade_count_z=12
quote_volume_ratio=12
avg_trade_size_z=8
ema50_gap=6
atr_pct=6
volume_ratio=6
taker_imbalance=6
return_10=4
funding_carry_24h=4
taker_imbalance_z=4
funding_rate=2
smart_retail_gap=2

parameters:
[boosting: gbdt]
[objective: regression]
[metric: l2]
[tree_learner: serial]
[device_type: cpu]
[data_sample_strategy: bagging]
[data: ]
[valid: ]
[num_iterations: 120]
[learning_rate: 0.03]
[num_leaves: 15]
[num_threads: 16]
[seed: 42]
[deterministic: 1]
[force_col_wise: 1]
[force_row_wise: 0]
[histogram_pool_size: -1]
[max_depth: -1]
[min_data_in_leaf: 10]
[min_sum_hessian_in_leaf: 0.001]
[bagging_fraction: 1]
[pos_bagging_fraction: 1]
[neg_bagging_fraction: 1]
[bagging_freq: 0]
[bagging_seed: 400]
[bagging_by_query: 0]
[feature_fraction: 1]
[feature_fraction_bynode: 1]
[feature_fraction_seed: 30056]
[extra_trees: 0]
[extra_seed: 12879]
[early_stopping_round: 0]
[early_stopping_min_delta: 0]
[first_metric_only: 0]
[max_delta_step: 0]
[lambda_l1: 0]
[lambda_l2: 0]
[linear_lambda: 0]
[min_gain_to_split: 0]
[drop_rate: 0.1]
[max_drop: 50]
[skip_drop: 0.5]
[xgboost_dart_mode: 0]
[uniform_drop: 0]
[drop_seed: 17869]
[top_rate: 0.2]
[other_rate: 0.1]
[min_data_per_group: 100]
[max_cat_threshold: 32]
[cat_l2: 10]
[cat_smooth: 10]
[max_cat_to_onehot: 4]
[top_k: 20]
[monotone_constraints: ]
[monotone_constraints_method: basic]
[monotone_penalty: 0]
[feature_contri: ]
[forcedsplits_filename: ]
[refit_decay_rate: 0.9]
[cegb_tradeoff: 1]
[cegb_penalty_split: 0]
[cegb_penalty_feature_lazy: ]
[cegb_penalty_feature_coupled: ]
[path_smooth: 0]
[interaction_constraints: ]
[verbosity: -1]
[saved_feature_importance_type: 0]
[use_quantized_grad: 0]
[num_grad_quant_bins: 4]
[quant_train_renew_leaf: 0]
[stochastic_rounding: 1]
[linear_tree: 0]
[max_bin: 255]
[max_bin_by_feature: ]
[min_data_in_bin: 3]
[bin_construct_sample_cnt: 200000]
[data_random_seed: 175]
[is_enable_sparse: 1]
[enable_bundle: 1]
[use_missing: 1]
[zero_as_missing: 0]
[feature_pre_filter: 1]
[pre_partition: 0]
[two_round: 0]
[header: 0]
[label_column: ]
[weight_column: ]
[group_column: ]
[ignore_column: ]
[categorical_feature: ]
[forcedbins_filename: ]
[precise_float_parser: 0]
[parser_config_file: ]
[objective_seed: 16083]
[num_class: 1]
[is_unbalance: 0]
[scale_pos_weight: 1]
[sigmoid: 1]
[boost_from_average: 1]
[reg_sqrt: 0]
[alpha: 0.9]
[fair_c: 1]
[poisson_max_delta_step: 0.7]
[tweedie_variance_power: 1.5]
[lambdarank_truncation_level: 30]
[lambdarank_norm: 1]
[label_gain: ]
[lambdarank_position_bias_regularization: 0]
[eval_at: ]
[multi_error_top_k: 1]
[auc_mu_weights: ]
[num_machines: 1]
[local_listen_port: 12400]
[time_out: 120]
[machine_list_filename: ]
[machines: ]
[gpu_platform_id: -1]
[gpu_device_id: -1]
[gpu_device_id_list: ]
[gpu_use_dp: 0]
[num_gpu: 1]

end of parameters

pandas_categorical:null
