tree
version=v4
num_class=1
num_tree_per_iteration=1
label_index=0
max_feature_idx=29
objective=regression
feature_names=ema20_gap ema50_gap rsi atr_pct return_10 volume_ratio funding_rate funding_z funding_carry_24h mark_basis taker_imbalance taker_imbalance_z trade_count_z avg_trade_size_z quote_volume_ratio oi_change_5m oi_change_1h oi_z oi_price_quadrant long_short_ratio_z smart_retail_gap global_long_short_ratio taker_buy_sell_ratio_z flow_delta_ratio flow_delta_z flow_trade_intensity_z flow_largest_trade_z liquidation_pressure liquidation_share liquidation_z
feature_infos=[-0.13747069779319121:0.5] [-0.19215489883621184:0.5] [0:100] [0.00012432687204722779:0.20000000000000001] [-0.5:0.5] [0.024199647455135937:50] [-0.00302761:0.00045252999999999998] [-5:4.7095213230094704] [-0.0066534300000000001:0.00065253000000000002] [-0.012025160246885491:0.007731603231046158] [-0.94808630522916237:0.95663851876363637] [-3.9683235621513875:4.0705869310664031] [-2.6610101537639337:6.7738718886968723] [-4.117094052458846:6.5114249131099182] [0:126.74351168596664] [-0.12380171980532051:0.11647102522164765] [-0.26553934103946186:0.12962849626880368] [-6.5661036346402328:6.2632348334289194] [-1:1] [-6.6533894454982718:6.6835696271667828] [-1.1760931700000001:1.81206749] [0:5.7659907600000002] [-3.5272386275956404:6.7545818398396058] none none none none none none none
tree_sizes=1785 1779 1779 1781 1791

Tree=0
num_leaves=15
num_cat=0
split_feature=1 3 13 8 10 2 12 11 13 14 13 4 11 12
split_gain=0.346008 0.859297 0.458896 0.37 0.210976 0.309808 0.080614 0.0936614 0.0934245 0.077213 0.0784316 0.0782287 0.0549937 0.054151
threshold=0.037747678892820054 0.016689387037805092 3.9105700750644079 9.941500000000001e-05 -0.23006716538736441 31.679270187075179 -0.010467678742375685 -1.1453303320325852 3.0959245893309548 0.45449102967822835 0.75126032372453244 0.028201774767735669 1.0761768198498214 0.65311480676761524
decision_type=2 2 2 2 2 2 2 2 2 2 2 2 2 2
left_child=-1 -2 3 6 -5 -6 -3 -8 9 10 -9 12 13 -11
right_child=1 2 -4 4 5 -7 7 8 -10 11 -12 -13 -14 -15
leaf_value=-7.9150427757260913e-05 -4.1340445417093509e-05 8.0711758656671685e-05 0.0042113256351276459 -0.0011804308220348461 0.0046155479957902517 0.0013036915420929624 -1.4661567666416383e-05 0.0010971489288639316 0.0026287674406986049 0.00018514473408055872 0.0031240659668924984 0.0022405036321168528 -0.00040304864318793459 0.0008364827378067592
leaf_weight=1097617.7438996434 4721.2907835841179 240.00057297945023 35.010006785392761 13.48478317260742 46.660374402999878 55.846879363059998 141.39941906929016 152.16422629356384 24.981937646865845 170.27507847547531 19.368490517139435 25.19330632686615 51.47901713848114 353.1009773015976
leaf_count=1099412 3201 238 11 4 17 79 82 127 8 165 13 43 42 226
internal_value=-7.79033e-05 0.000148344 0.00082222 0.000730522 0.00234716 0.00281122 0.000571334 0.000696872 0.000823177 0.000764717 0.00132602 0.000604261 0.000532551 0.000624577
internal_weight=1.10367e+06 6050.26 1328.97 1293.96 115.992 102.507 1177.96 937.962 796.563 771.581 171.533 600.048 574.855 523.376
internal_count=1103668 4256 1055 1044 100 96 944 706 624 616 140 476 433 391
is_linear=0
shrinkage=1


Tree=1
num_leaves=15
num_cat=0
split_feature=1 3 13 8 10 2 12 11 13 14 4 2 5 10
split_gain=0.325559 0.808512 0.431775 0.348133 0.198507 0.291499 0.0758497 0.088126 0.0879031 0.0727234 0.0722595 0.0652111 0.0780616 0.0603047
threshold=0.037747678892820054 0.016689387037805092 3.9105700750644079 9.941500000000001e-05 -0.23006716538736441 31.679270187075179 -0.010467678742375685 -1.1453303320325852 3.0959245893309548 0.4353924432362512 0.028201774767735669 20.34490263846153 1.1246797785647884 -0.085511823385440153
decision_type=2 2 2 2 2 2 2 2 2 2 2 2 2 2
left_child=-1 -2 3 6 -5 -6 -3 -8 9 11 -11 -9 13 -13
right_child=1 2 -4 4 5 -7 7 8 -10 10 -12 12 -14 -15
leaf_value=-1.2097044818010701e-06 3.5465970849356542e-05 0.00015385660980060342 0.0041605522421769075 -0.0010694517714422815 0.0045526478646392187 0.0013401469945862512 6.134448403853026e-05 0.00048762687353473951 0.0026254706045630558 0.00060867226825641284 0.0022488547315879779 0.0033104052343595055 0.0029207427406392284 0.00079967157065262699
leaf_weight=1097617.7438996434 4721.2907835841179 240.00057297945023 35.010006785392761 13.48478317260742 46.660374402999878 55.846879363059998 141.39941906929016 46.893642961978912 24.981937646865845 597.65292519330978 25.19330632686615 10.250399172306059 37.797906696796417 53.79291570186615
leaf_count=1099412 3201 238 11 4 17 79 82 40 8 450 43 8 18 57
internal_value=-2.6115e-12 0.00021946 0.000873119 0.000784173 0.00235232 0.00280245 0.00062976 0.000751532 0.000874048 0.000817341 0.000675015 0.00141335 0.0018396 0.00120152
internal_weight=1.10367e+06 6050.26 1328.97 1293.96 115.992 102.507 1177.96 937.962 796.563 771.581 622.846 148.735 101.841 64.0433
internal_count=1103668 4256 1055 1044 100 96 944 706 624 616 493 123 83 65
is_linear=0
shrinkage=0.03


Tree=2
num_leaves=15
num_cat=0
split_feature=1 3 13 8 10 2 12 14 5 14 10 14 2 13
split_gain=0.306319 0.760729 0.406257 0.327558 0.186775 0.274271 0.0742822 0.119725 0.159698 0.114012 0.0657597 0.0617144 0.0575717 0.0851543
threshold=0.037747678892820054 0.016689387037805092 3.9105700750644079 9.941500000000001e-05 -0.23006716538736441 31.679270187075179 0.58966912119367987 0.88370190710251928 2.437381436032092 1.0000000180025095e-35 -0.12446960585720822 0.43046909554774015 10.261055369751121 2.7065555385066546
decision_type=2 2 2 2 2 2 2 2 2 2 2 2 2 2
left_child=-1 -2 3 6 -5 -6 9 8 10 -3 11 -8 13 -9
right_child=1 2 -4 4 5 -7 7 12 -10 -11 -12 -13 -14 -15
leaf_value=-1.1734115357755072e-06 3.4402009543974186e-05 0.0014297857721160361 0.0040357356200617384 -0.0010373681936014744 0.00441606843636453 0.0012999426057907558 0.0038322326947204757 0.00045666300347567645 0.0036320780686647626 0.0001901829876705664 0.00086227407205249212 0.001269625048576918 0.00031996012590873054 0.0024896324884071926
leaf_weight=1097617.7438996434 4721.2907835841179 77.465470433235168 35.010006785392761 13.48478317260742 46.660374402999878 55.846879363059998 13.953828155994414 48.65122926235199 25.071689963340759 483.96813654899597 175.92453849315643 21.474348187446594 301.48972821235657 29.964056491851807
leaf_count=1099412 3201 65 11 4 17 79 9 23 11 481 126 22 198 9
internal_value=-6.53175e-13 0.000212876 0.000846926 0.000760647 0.00228175 0.00271837 0.000610867 0.000838204 0.00136829 0.000361221 0.00109974 0.00227894 0.000508495 0.00123153
internal_weight=1.10367e+06 6050.26 1328.97 1293.96 115.992 102.507 1177.96 616.529 236.424 561.434 211.353 35.4282 380.105 78.6153
internal_count=1103668 4256 1055 1044 100 96 944 398 168 546 157 31 230 32
is_linear=0
shrinkage=0.03


Tree=3
num_leaves=15
num_cat=0
split_feature=1 3 13 8 10 2 12 14 5 14 14 4 10 2
split_gain=0.288215 0.71577 0.382248 0.308199 0.175737 0.258062 0.0703706 0.11877 0.143842 0.10393 0.0673956 0.0567629 0.0561508 0.0534101
threshold=0.037747678892820054 0.016689387037805092 3.9105700750644079 9.941500000000001e-05 -0.23006716538736441 31.679270187075179 0.67502764442991869 0.88370190710251928 2.437381436032092 1.0000000180025095e-35 0.4353924432362512 0.036503771384959201 -0.019086869565131667 10.261055369751121
decision_type=2 2 2 2 2 2 2 2 2 2 2 2 2 2
left_child=-1 -2 3 6 -5 -6 9 8 10 -3 12 -11 -8 -9
right_child=1 2 -4 4 5 -7 7 13 -10 11 -12 -13 -14 -15
leaf_value=-1.1382078041245055e-06 3.3369935817545727e-05 0.0013868922426801419 0.0039146634095589133 -0.0010062470904420989 0.004283586079185042 0.0012609443344619485 0.0034286877829901672 0.001194579472100046 0.0035231158647447856 0.00013292650218496056 0.00080903072151153159 0.0015210341473745452 0.0011879316126441216 0.00031351175688262189
leaf_weight=1097617.7438996434 4721.2907835841179 77.465470433235168 35.010006785392761 13.48478317260742 46.660374402999878 55.846879363059998 18.150870263576508 78.615285754203796 25.071689963340759 487.65429991483688 148.75185370445251 28.037458658218384 22.593016624450684 291.62308043241501
leaf_count=1099412 3201 65 11 4 17 79 13 32 11 471 105 44 16 187
internal_value=6.80178e-13 0.00020649 0.000821518 0.000737828 0.00221329 0.00263682 0.000592541 0.000826065 0.00138767 0.000362306 0.00110513 0.000208396 0.00218616 0.000500595
internal_weight=1.10367e+06 6050.26 1328.97 1293.96 115.992 102.507 1177.96 584.806 214.567 593.157 189.496 515.692 40.7439 370.238
internal_count=1103668 4256 1055 1044 100 96 944 364 145 580 134 515 29 219
is_linear=0
shrinkage=0.03


Tree=4
num_leaves=15
num_cat=0
split_feature=1 3 13 21 11 6 11 11 12 14 14 13 2 2
split_gain=0.271182 0.673468 0.359657 0.292188 0.218692 0.080253 0.0677334 0.0789286 0.0880341 0.0828713 0.0769294 0.0685165 0.0705301 0.0686937
threshold=0.037747678892820054 0.016689387037805092 3.9105700750644079 2.6927221950000004 -0.65398380992121818 9.997000000000002e-05 1.0761768198498214 -1.1453303320325852 0.61050867554619415 0.4353924432362512 1.0000000180025095e-35 3.0959245893309548 31.111111111111295 35.319849133859137
decision_type=2 2 2 2 2 2 2 2 2 2 2 2 2 2
left_child=-1 -2 3 6 -5 -6 7 -3 10 -10 -9 12 -11 -14
right_child=1 2 -4 4 5 -7 -8 8 9 11 -12 -13 13 -15
leaf_value=-1.1040649629994327e-06 3.2368840457877839e-05 5.5596515058656201e-05 0.0037972237051402476 -0.00011332649308882733 0.0021916280658768332 0.0042473680050567585 -0.00020899460589901314 0.001345285426318712 0.0022507725604834902 0.00055390935172647639 0.00031393016636791074 0.0025664749527429444 0.0026787039444053514 0.0010269581365425558
leaf_weight=1097617.7438996434 4721.2907835841179 168.34980845451355 35.010006785392761 24.161528944969177 34.601808547973633 33.772278547286987 88.340154409408569 77.465470433235168 47.064688622951508 265.37697374820709 407.459945499897 21.610741853713989 29.653068244457245 96.098595380783081
leaf_count=1099412 3201 110 11 8 13 13 74 65 33 159 429 7 20 113
internal_value=-2.69577e-12 0.000200295 0.000796872 0.000715693 0.00234007 0.00320703 0.000590581 0.00065404 0.000760682 0.00105808 0.000478686 0.000922081 0.000831225 0.00141645
internal_weight=1.10367e+06 6050.26 1328.97 1293.96 92.5356 68.3741 1201.42 1113.08 944.729 459.804 484.925 412.739 391.129 125.752
internal_count=1103668 4256 1055 1044 34 26 1010 936 826 332 494 299 292 133
is_linear=0
shrinkage=0.03


end of trees

feature_importances:
avg_trade_size_z=10
quote_volume_ratio=10
rsi=9
taker_imbalance=7
taker_imbalance_z=6
trade_count_z=6
ema50_gap=5
atr_pct=5
funding_carry_24h=4
return_10=3
volume_ratio=3
funding_rate=1
global_long_short_ratio=1

parameters:
[boosting: gbdt]
[objective: regression]
[metric: l2]
[tree_learner: serial]
[device_type: cpu]
[data_sample_strategy: bagging]
[data: ]
[valid: ]
[num_iterations: 300]
[learning_rate: 0.03]
[num_leaves: 15]
[num_threads: 2]
[seed: 42]
[deterministic: 1]
[force_col_wise: 1]
[force_row_wise: 0]
[histogram_pool_size: -1]
[max_depth: -1]
[min_data_in_leaf: 10]
[min_sum_hessian_in_leaf: 0.001]
[bagging_fraction: 1]
[pos_bagging_fraction: 1]
[neg_bagging_fraction: 1]
[bagging_freq: 0]
[bagging_seed: 400]
[bagging_by_query: 0]
[feature_fraction: 1]
[feature_fraction_bynode: 1]
[feature_fraction_seed: 30056]
[extra_trees: 0]
[extra_seed: 12879]
[early_stopping_round: 0]
[early_stopping_min_delta: 0]
[first_metric_only: 0]
[max_delta_step: 0]
[lambda_l1: 0]
[lambda_l2: 0]
[linear_lambda: 0]
[min_gain_to_split: 0]
[drop_rate: 0.1]
[max_drop: 50]
[skip_drop: 0.5]
[xgboost_dart_mode: 0]
[uniform_drop: 0]
[drop_seed: 17869]
[top_rate: 0.2]
[other_rate: 0.1]
[min_data_per_group: 100]
[max_cat_threshold: 32]
[cat_l2: 10]
[cat_smooth: 10]
[max_cat_to_onehot: 4]
[top_k: 20]
[monotone_constraints: ]
[monotone_constraints_method: basic]
[monotone_penalty: 0]
[feature_contri: ]
[forcedsplits_filename: ]
[refit_decay_rate: 0.9]
[cegb_tradeoff: 1]
[cegb_penalty_split: 0]
[cegb_penalty_feature_lazy: ]
[cegb_penalty_feature_coupled: ]
[path_smooth: 0]
[interaction_constraints: ]
[verbosity: -1]
[saved_feature_importance_type: 0]
[use_quantized_grad: 0]
[num_grad_quant_bins: 4]
[quant_train_renew_leaf: 0]
[stochastic_rounding: 1]
[linear_tree: 0]
[max_bin: 255]
[max_bin_by_feature: ]
[min_data_in_bin: 3]
[bin_construct_sample_cnt: 200000]
[data_random_seed: 175]
[is_enable_sparse: 1]
[enable_bundle: 1]
[use_missing: 1]
[zero_as_missing: 0]
[feature_pre_filter: 1]
[pre_partition: 0]
[two_round: 0]
[header: 0]
[label_column: ]
[weight_column: ]
[group_column: ]
[ignore_column: ]
[categorical_feature: ]
[forcedbins_filename: ]
[precise_float_parser: 0]
[parser_config_file: ]
[objective_seed: 16083]
[num_class: 1]
[is_unbalance: 0]
[scale_pos_weight: 1]
[sigmoid: 1]
[boost_from_average: 1]
[reg_sqrt: 0]
[alpha: 0.9]
[fair_c: 1]
[poisson_max_delta_step: 0.7]
[tweedie_variance_power: 1.5]
[lambdarank_truncation_level: 30]
[lambdarank_norm: 1]
[label_gain: ]
[lambdarank_position_bias_regularization: 0]
[eval_at: ]
[multi_error_top_k: 1]
[auc_mu_weights: ]
[num_machines: 1]
[local_listen_port: 12400]
[time_out: 120]
[machine_list_filename: ]
[machines: ]
[gpu_platform_id: -1]
[gpu_device_id: -1]
[gpu_device_id_list: ]
[gpu_use_dp: 0]
[num_gpu: 1]

end of parameters

pandas_categorical:null
