tree
version=v4
num_class=1
num_tree_per_iteration=1
label_index=0
max_feature_idx=29
objective=regression
feature_names=ema20_gap ema50_gap rsi atr_pct return_10 volume_ratio funding_rate funding_z funding_carry_24h mark_basis taker_imbalance taker_imbalance_z trade_count_z avg_trade_size_z quote_volume_ratio oi_change_5m oi_change_1h oi_z oi_price_quadrant long_short_ratio_z smart_retail_gap global_long_short_ratio taker_buy_sell_ratio_z flow_delta_ratio flow_delta_z flow_trade_intensity_z flow_largest_trade_z liquidation_pressure liquidation_share liquidation_z
feature_infos=[-0.2009984379456814:0.5] [-0.2263240366291186:0.5] [0:100] [0.00010655786621006779:0.20000000000000001] [-0.5:0.5] [0.01891271652434337:50] [-0.00302761:0.00045252999999999998] [-5:4.7095213230094704] [-0.0066534300000000001:0.00065253000000000002] [-0.0092288942791222128:0.011938455205063425] [-0.99537210279124821:0.98444897227814443] [-4.2514282624521842:4.0705869310664031] [-2.5671822968890861:6.7736819240577688] [-4.117094052458846:6.4804022562753474] [0.017287482992453307:134.94858363304388] [-0.049767821427036507:0.094444832002344992] [-0.26142640274450402:0.1468638039889083] [-6.462816674302128:6.6058822582757895] [-1:1] [-6.7721551075630799:6.748675269239178] [-1.1781554499999998:1.8381203899999998] [0:5.7199348299999997] [-3.5272386275956404:6.7178637762213631] none none none none none none none
tree_sizes=1771 1774 1768 1776 1767 1772

Tree=0
num_leaves=15
num_cat=0
split_feature=1 3 8 13 11 2 12 14 5 2 14 10 12 4
split_gain=0.219635 0.472542 0.315709 0.280431 0.177505 0.246243 0.104398 0.0763468 0.111083 0.070581 0.0912821 0.0555981 0.050814 0.0285776
threshold=0.036853252921032038 0.016966647208536797 9.9215000000000005e-05 3.8678131796490889 -0.80695738623171787 32.293129428048523 0.59477251895577499 0.86814128349401931 2.3883906358002123 10.000851208717068 2.5169835791664603 -0.12308272934373708 3.4568834832391269 0.036555414120393655
decision_type=2 2 2 2 2 2 2 2 2 2 2 2 2 2
left_child=-1 -2 3 6 -4 -6 13 8 11 10 -9 -8 -11 -3
right_child=1 2 4 -5 5 -7 7 9 -10 12 -12 -13 -14 -15
leaf_value=-6.5480977970257514e-05 -1.8270222805016203e-05 7.2370458109356805e-05 -0.00089040095890096488 0.0043297542458695226 0.0046792169306010233 0.0012630472258557182 0.0022329294629295534 0.0028948731375185513 0.0031510828541435431 0.00049576903899745757 0.00059224378061627074 0.00072435100251386632 -0.00045361354801423572 0.0012112764279953341
leaf_weight=878392.94174736738 4012.0413137674332 420.72248882055283 12.626781105995176 17.221342325210571 37.533485531806946 38.43780642747879 26.004949271678925 22.676876664161682 23.70146656036377 207.9391450881958 48.921624898910522 142.30556845664978 67.116234004497528 20.809389531612396
leaf_count=879926 2708 405 5 5 14 56 21 11 10 149 17 99 32 33
internal_value=-6.43414e-05 0.000132001 0.000687142 0.000534695 0.00240336 0.0029508 0.000468018 0.000748324 0.00122821 0.000482513 0.00132154 0.000957435 0.00026411 0.000126047
internal_weight=883491 5098.06 1086.02 997.419 88.5981 75.9713 980.198 538.666 192.012 346.654 71.5985 168.311 275.055 441.532
internal_count=883491 3565 857 782 75 70 777 339 130 209 28 120 181 438
is_linear=0
shrinkage=1


Tree=1
num_leaves=15
num_cat=0
split_feature=1 3 8 13 11 2 12 14 5 2 14 10 12 4
split_gain=0.206655 0.444615 0.29705 0.263857 0.167014 0.23169 0.0982284 0.0718347 0.104518 0.0664096 0.0858873 0.0523123 0.0478109 0.0268887
threshold=0.036853252921032038 0.016966647208536797 9.9215000000000005e-05 3.8678131796490889 -0.80695738623171787 32.293129428048523 0.59477251895577499 0.86814128349401931 2.3883906358002123 10.000851208717068 2.5169835791664603 -0.12308272934373708 3.4568834832391269 0.036555414120393655
decision_type=2 2 2 2 2 2 2 2 2 2 2 2 2 2
left_child=-1 -2 3 6 -4 -6 13 8 11 10 -9 -8 -11 -3
right_child=1 2 4 -5 5 -7 7 9 -10 12 -12 -13 -14 -15
leaf_value=-1.1053550138869915e-06 4.4689091411965032e-05 0.00013261050619750231 -0.00080127781019901582 0.0042622727369323191 0.0046012515576401188 0.0012875669801849881 0.0022283527354910017 0.0028704380378650599 0.0031189614729646136 0.00054330713749009074 0.0006368876402085428 0.00076503165931763055 -0.00037759395973792484 0.0012373493043767675
leaf_weight=878392.94174736738 4012.0413137674332 420.72248882055283 12.626781105995176 17.221342325210571 37.533485531806946 38.43780642747879 26.004949271678925 22.676876664161682 23.70146656036377 207.9391450881958 48.921624898910522 142.30556845664978 67.116234004497528 20.809389531612396
leaf_count=879926 2708 405 5 5 14 56 21 11 10 149 17 99 32 33
internal_value=-1.57008e-12 0.000190452 0.000728939 0.000581065 0.00239367 0.00292469 0.000516389 0.000788286 0.00125378 0.000530449 0.0013443 0.000991123 0.000318598 0.000184677
internal_weight=883491 5098.06 1086.02 997.419 88.5981 75.9713 980.198 538.666 192.012 346.654 71.5985 168.311 275.055 441.532
internal_count=883491 3565 857 782 75 70 777 339 130 209 28 120 181 438
is_linear=0
shrinkage=0.03


Tree=2
num_leaves=15
num_cat=0
split_feature=1 3 20 13 14 6 12 2 14 5 2 13 10 12
split_gain=0.194442 0.418338 0.28035 0.251057 0.0953169 0.0979773 0.0756999 0.0747887 0.0605033 0.100325 0.0627372 0.0840315 0.0559777 0.0518627
threshold=0.036853252921032038 0.016966647208536797 0.57719912000000007 3.8678131796490889 0.72405952484270197 1.1430000000000002e-05 0.6764041238985915 10.000851208717068 0.86814128349401931 2.3883906358002123 10.000851208717068 2.6837685920530254 -0.11528913518400589 3.4568834832391269
decision_type=2 2 2 2 2 2 2 2 2 2 2 2 2 2
left_child=-1 -2 3 6 5 -4 -3 -6 9 12 11 -10 -8 -12
right_child=1 2 4 -5 7 -7 8 -9 10 -11 13 -13 -14 -15
leaf_value=-1.072191971272059e-06 4.3348396684011145e-05 0.00021029219179097725 0.0015333143780892119 0.0041344046773469957 0.002897627150012278 0.0040571398445864394 0.0022693389060114231 0.0004910502868068551 0.00033070082785156498 0.0030253926182016921 0.00054288116224391041 0.0024906493147046549 0.00063173533035925538 -0.00044183047676391208
leaf_weight=878392.94174736738 4012.0413137674332 473.9204488992691 23.916651844978333 17.221342325210571 16.838645696640015 32.869208455085754 22.59789764881134 37.513743698596954 34.565256237983704 23.70146656036377 197.29648071527481 30.527405023574829 111.37664604187012 63.671965539455414
leaf_count=879926 2708 482 10 5 5 17 20 25 17 10 146 9 80 31
internal_value=7.69097e-13 0.000184738 0.000707071 0.000544325 0.00213464 0.00299417 0.000479765 0.00123662 0.00074377 0.00122624 0.000510457 0.00134368 0.000907955 0.000302628
internal_weight=883491 5098.06 1086.02 974.879 111.138 56.7859 957.658 54.3524 483.737 157.676 326.061 65.0927 133.975 260.968
internal_count=883491 3565 857 800 57 27 795 30 313 110 203 26 100 177
is_linear=0
shrinkage=0.03


Tree=3
num_leaves=15
num_cat=0
split_feature=1 3 8 13 11 2 12 14 5 2 14 10 12 4
split_gain=0.18295 0.393615 0.265247 0.233672 0.152248 0.207107 0.0872199 0.0639724 0.0924167 0.0581063 0.0802945 0.0471273 0.0422474 0.0253065
threshold=0.036853252921032038 0.016966647208536797 9.9215000000000005e-05 3.8678131796490889 -0.80695738623171787 32.293129428048523 0.59477251895577499 0.86814128349401931 2.3883906358002123 10.000851208717068 2.5169835791664603 -0.12308272934373708 3.4568834832391269 0.036555414120393655
decision_type=2 2 2 2 2 2 2 2 2 2 2 2 2 2
left_child=-1 -2 3 6 -4 -6 13 8 11 10 -9 -8 -11 -3
right_child=1 2 4 -5 5 -7 7 9 -10 12 -12 -13 -14 -15
leaf_value=-1.0400222508623846e-06 4.2047955692653662e-05 0.00012217669988189261 -0.00079149117780203824 0.0040103725889429611 0.0043510761722134073 0.0012181201210532074 0.0021080833851082723 0.0027350364597780678 0.0029346310191864307 0.00051121713502537002 0.0005754326646392982 0.00071917332268636963 -0.00035444742698732888 0.0011939200645750794
leaf_weight=878392.94174736738 4012.0413137674332 420.72248882055283 12.626781105995176 17.221342325210571 37.533485531806946 38.43780642747879 26.004949271678925 22.676876664161682 23.70146656036377 207.9391450881958 48.921624898910522 142.30556845664978 67.116234004497528 20.809389531612396
leaf_count=879926 2708 405 5 5 14 56 21 11 10 149 17 99 32 33
internal_value=4.74167e-12 0.000179196 0.000685859 0.000546125 0.00225895 0.00276595 0.000485261 0.000741469 0.00118075 0.000498151 0.00125943 0.000933768 0.000299986 0.000172688
internal_weight=883491 5098.06 1086.02 997.419 88.5981 75.9713 980.198 538.666 192.012 346.654 71.5985 168.311 275.055 441.532
internal_count=883491 3565 857 782 75 70 777 339 130 209 28 120 181 438
is_linear=0
shrinkage=0.03


Tree=4
num_leaves=15
num_cat=0
split_feature=1 3 20 13 14 6 12 2 14 5 2 13 10 12
split_gain=0.172138 0.370352 0.251073 0.222376 0.084988 0.0855412 0.0670111 0.0656012 0.0535026 0.08894 0.0555486 0.0781203 0.0504069 0.0461003
threshold=0.036853252921032038 0.016966647208536797 0.57719912000000007 3.8678131796490889 0.72405952484270197 1.1430000000000002e-05 0.6764041238985915 10.000851208717068 0.86814128349401931 2.3883906358002123 10.000851208717068 2.6837685920530254 -0.11528913518400589 3.4568834832391269
decision_type=2 2 2 2 2 2 2 2 2 2 2 2 2 2
left_child=-1 -2 3 6 5 -4 -3 -6 9 12 11 -10 -8 -12
right_child=1 2 4 -5 7 -7 8 -9 10 -11 13 -13 -14 -15
leaf_value=-1.0088248127021549e-06 4.0786519882087784e-05 0.00019697192504363845 0.0014628826798757019 0.0038900612433251983 0.002723929250059882 0.0038211023087545625 0.0021447872279320599 0.00047001410245471582 0.00028683526275014341 0.0028465920271031455 0.00051045359754966948 0.0023694277557319687 0.00059080413590636603 -0.00041794212887386598
leaf_weight=878392.94174736738 4012.0413137674332 473.9204488992691 23.916651844978333 17.221342325210571 16.838645696640015 32.869208455085754 22.59789764881134 37.513743698596954 34.565256237983704 23.70146656036377 197.29648071527481 30.527405023574829 111.37664604187012 63.671965539455414
leaf_count=879926 2708 482 10 5 5 17 20 25 17 10 146 9 80 31
internal_value=1.38917e-12 0.00017382 0.000665283 0.000511269 0.00201626 0.00282788 0.000450509 0.00116829 0.000698901 0.0011526 0.000479501 0.00126354 0.000852919 0.00028394
internal_weight=883491 5098.06 1086.02 974.879 111.138 56.7859 957.658 54.3524 483.737 157.676 326.061 65.0927 133.975 260.968
internal_count=883491 3565 857 800 57 27 795 30 313 110 203 26 100 177
is_linear=0
shrinkage=0.03


Tree=5
num_leaves=15
num_cat=0
split_feature=1 3 8 13 11 2 12 14 5 2 14 10 12 4
split_gain=0.161965 0.348464 0.236873 0.206941 0.138864 0.18518 0.0774437 0.0569702 0.081717 0.0508206 0.0750563 0.042457 0.0373244 0.0238173
threshold=0.036853252921032038 0.016966647208536797 9.9215000000000005e-05 3.8678131796490889 -0.80695738623171787 32.293129428048523 0.59477251895577499 0.86814128349401931 2.3883906358002123 10.000851208717068 2.5169835791664603 -0.12308272934373708 3.4568834832391269 0.036555414120393655
decision_type=2 2 2 2 2 2 2 2 2 2 2 2 2 2
left_child=-1 -2 3 6 -4 -6 13 8 11 10 -9 -8 -11 -3
right_child=1 2 4 -5 5 -7 7 9 -10 12 -12 -13 -14 -15
leaf_value=-9.7856436943203176e-07 3.9562928492059935e-05 0.00011246127051627046 -0.00078138020044494529 0.0037733594615759641 0.0041149722509054732 0.0011524995001397473 0.0019943309673502202 0.0026064226065836732 0.0027611941738774769 0.00048102296535391617 0.00051844988993407515 0.00067603538608043885 -0.00033264279105156021 0.0011521933041528602
leaf_weight=878392.94174736738 4012.0413137674332 420.72248882055283 12.626781105995176 17.221342325210571 37.533485531806946 38.43780642747879 26.004949271678925 22.676876664161682 23.70146656036377 207.9391450881958 48.921624898910522 142.30556845664978 67.116234004497528 20.809389531612396
leaf_count=879926 2708 405 5 5 14 56 21 11 10 149 17 99 32 33
internal_value=-2.90837e-12 0.000168606 0.000645324 0.000513276 0.0021319 0.0026161 0.000455998 0.000697421 0.00111196 0.000467806 0.00117976 0.00087972 0.00028248 0.000161464
internal_weight=883491 5098.06 1086.02 997.419 88.5981 75.9713 980.198 538.666 192.012 346.654 71.5985 168.311 275.055 441.532
internal_count=883491 3565 857 782 75 70 777 339 130 209 28 120 181 438
is_linear=0
shrinkage=0.03


end of trees

feature_importances:
rsi=12
trade_count_z=12
quote_volume_ratio=12
avg_trade_size_z=8
ema50_gap=6
atr_pct=6
volume_ratio=6
taker_imbalance=6
return_10=4
funding_carry_24h=4
taker_imbalance_z=4
funding_rate=2
smart_retail_gap=2

parameters:
[boosting: gbdt]
[objective: regression]
[metric: l2]
[tree_learner: serial]
[device_type: cpu]
[data_sample_strategy: bagging]
[data: ]
[valid: ]
[num_iterations: 150]
[learning_rate: 0.03]
[num_leaves: 15]
[num_threads: 16]
[seed: 42]
[deterministic: 1]
[force_col_wise: 1]
[force_row_wise: 0]
[histogram_pool_size: -1]
[max_depth: -1]
[min_data_in_leaf: 10]
[min_sum_hessian_in_leaf: 0.001]
[bagging_fraction: 1]
[pos_bagging_fraction: 1]
[neg_bagging_fraction: 1]
[bagging_freq: 0]
[bagging_seed: 400]
[bagging_by_query: 0]
[feature_fraction: 1]
[feature_fraction_bynode: 1]
[feature_fraction_seed: 30056]
[extra_trees: 0]
[extra_seed: 12879]
[early_stopping_round: 0]
[early_stopping_min_delta: 0]
[first_metric_only: 0]
[max_delta_step: 0]
[lambda_l1: 0]
[lambda_l2: 0]
[linear_lambda: 0]
[min_gain_to_split: 0]
[drop_rate: 0.1]
[max_drop: 50]
[skip_drop: 0.5]
[xgboost_dart_mode: 0]
[uniform_drop: 0]
[drop_seed: 17869]
[top_rate: 0.2]
[other_rate: 0.1]
[min_data_per_group: 100]
[max_cat_threshold: 32]
[cat_l2: 10]
[cat_smooth: 10]
[max_cat_to_onehot: 4]
[top_k: 20]
[monotone_constraints: ]
[monotone_constraints_method: basic]
[monotone_penalty: 0]
[feature_contri: ]
[forcedsplits_filename: ]
[refit_decay_rate: 0.9]
[cegb_tradeoff: 1]
[cegb_penalty_split: 0]
[cegb_penalty_feature_lazy: ]
[cegb_penalty_feature_coupled: ]
[path_smooth: 0]
[interaction_constraints: ]
[verbosity: -1]
[saved_feature_importance_type: 0]
[use_quantized_grad: 0]
[num_grad_quant_bins: 4]
[quant_train_renew_leaf: 0]
[stochastic_rounding: 1]
[linear_tree: 0]
[max_bin: 255]
[max_bin_by_feature: ]
[min_data_in_bin: 3]
[bin_construct_sample_cnt: 200000]
[data_random_seed: 175]
[is_enable_sparse: 1]
[enable_bundle: 1]
[use_missing: 1]
[zero_as_missing: 0]
[feature_pre_filter: 1]
[pre_partition: 0]
[two_round: 0]
[header: 0]
[label_column: ]
[weight_column: ]
[group_column: ]
[ignore_column: ]
[categorical_feature: ]
[forcedbins_filename: ]
[precise_float_parser: 0]
[parser_config_file: ]
[objective_seed: 16083]
[num_class: 1]
[is_unbalance: 0]
[scale_pos_weight: 1]
[sigmoid: 1]
[boost_from_average: 1]
[reg_sqrt: 0]
[alpha: 0.9]
[fair_c: 1]
[poisson_max_delta_step: 0.7]
[tweedie_variance_power: 1.5]
[lambdarank_truncation_level: 30]
[lambdarank_norm: 1]
[label_gain: ]
[lambdarank_position_bias_regularization: 0]
[eval_at: ]
[multi_error_top_k: 1]
[auc_mu_weights: ]
[num_machines: 1]
[local_listen_port: 12400]
[time_out: 120]
[machine_list_filename: ]
[machines: ]
[gpu_platform_id: -1]
[gpu_device_id: -1]
[gpu_device_id_list: ]
[gpu_use_dp: 0]
[num_gpu: 1]

end of parameters

pandas_categorical:null
